FORMATTED DATE-TIME           DT   MG   TR     WS     CW     HW     TP     WC     RH     HI     DP     WB      BP      AL       DA
YYYY-MM-DD HH:MM:SS            s  Mag True    mph    mph    mph     °C     °C      %     °C     °C     °C      mb       m        m
----------------------------------------------------------------------------------------------------------------------------------
2010-09-04 11:34:30    336915270  ***  ***    0.0    0.0    0.0   24.8   24.8   76.0   25.8   20.3   21.6 1008.70      35      486
2010-09-04 11:35:00    336915300  ***  ***    0.0    0.0    0.0   24.7   24.7   76.2   25.7   20.3   21.6 1009.00      33      479
2010-09-04 11:35:30    336915330  ***  ***    0.0    0.0    0.0   23.0   23.0   78.5   23.8   19.1   20.3 1008.90      34      414
2010-09-04 11:36:00    336915360  ***  ***    0.0    0.0    0.0   22.7   22.7   82.6   23.7   19.6   20.6 1008.90      34      405
2010-09-04 11:36:30    336915390  ***  ***    0.0    0.0    0.0   23.0   23.0   85.1   24.2   20.3   21.1 1008.90      34      420
2010-09-04 11:37:00    336915420  ***  ***    0.0    0.0    0.0   22.6   22.6   86.0   23.7   20.1   20.8 1008.90      34      406
2010-09-04 11:37:30    336915450  ***  ***    0.0    0.0    0.0   22.5   22.5   87.0   23.6   20.2   20.9 1009.00      33      401
2010-09-04 11:38:00    336915480  ***  ***    0.0    0.0    0.0   22.5   22.5   87.7   23.7   20.3   21.0 1009.00      33      402
2010-09-04 11:38:30    336915510  ***  ***    0.0    0.0    0.0   22.6   22.6   88.5   23.8   20.6   21.2 1009.00      33      407
2010-09-04 11:39:00    336915540  ***  ***    0.0    0.0    0.0   22.6   22.6   88.0   23.8   20.5   21.1 1009.00      33      406
2010-09-04 11:39:30    336915570  ***  ***    0.0    0.0    0.0   22.6   22.6   88.0   23.8   20.5   21.1 1009.00      33      405
2010-09-04 11:40:00    336915600  ***  ***    2.4    2.4    2.4   22.8   22.8   87.5   24.1   20.6   21.3 1009.00      33      412
2010-09-04 11:40:30    336915630  ***  ***    0.9    0.9    0.9   22.7   22.7   87.7   23.9   20.5   21.2 1008.90      34      411
2010-09-04 11:41:00    336915660  ***  ***    0.0    0.0    0.0   22.7   22.7   87.9   23.9   20.6   21.2 1008.90      34      414
2010-09-04 11:41:30    336915690  ***  ***    1.2    1.2    1.2   22.7   22.7   87.7   23.9   20.6   21.2 1009.00      33      412
2010-09-04 11:42:00    336915720  ***  ***    1.0    1.0    1.0   22.9   22.9   87.3   24.2   20.7   21.4 1008.90      34      418
2010-09-04 11:42:30    336915750  ***  ***    1.2    1.2    1.2   22.8   22.8   87.1   24.0   20.6   21.3 1009.00      33      414
2010-09-04 11:43:00    336915780  ***  ***    0.0    0.0    0.0   23.1   23.1   87.0   24.4   20.8   21.5 1009.00      33      425
2010-09-04 11:43:30    336915810  ***  ***    0.0    0.0    0.0   22.8   22.8   86.7   24.0   20.5   21.2 1009.00      33      414
2010-09-04 11:44:00    336915840  ***  ***    0.0    0.0    0.0   22.8   22.8   87.2   24.0   20.6   21.3 1009.00      33      415
2010-09-04 11:44:30    336915870  ***  ***    0.0    0.0    0.0   23.0   23.0   87.5   24.3   20.8   21.5 1009.00      33      421
2010-09-04 11:45:00    336915900  ***  ***    1.7    1.7    1.7   23.0   23.0   86.8   24.3   20.6   21.3 1009.00      33      420
2010-09-04 11:45:30    336915930  ***  ***    0.0    0.0    0.0   23.0   23.0   86.8   24.3   20.6   21.3 1009.00      33      420
2010-09-04 11:46:00    336915960  ***  ***    2.0    2.0    2.0   23.0   23.0   86.2   24.2   20.5   21.2 1009.00      33      420
2010-09-04 11:46:30    336915990  ***  ***    0.0    0.0    0.0   23.0   23.0   86.9   24.3   20.7   21.4 1009.00      33      421
2010-09-04 11:47:00    336916020  ***  ***    0.0    0.0    0.0   23.2   23.2   87.2   24.5   20.9   21.6 1009.00      33      429
2010-09-04 11:47:30    336916050  ***  ***    0.0    0.0    0.0   23.8   23.8   86.9   25.3   21.5   22.2 1009.00      33      455
2010-09-04 11:48:00    336916080  ***  ***    0.0    0.0    0.0   23.2   23.2   85.0   24.4   20.5   21.3 1009.00      33      427
2010-09-04 11:48:30    336916110  ***  ***    0.0    0.0    0.0   23.6   23.6   85.7   24.9   21.1   21.8 1009.00      33      444
2010-09-04 11:49:00    336916140  ***  ***    1.3    1.3    1.3   23.2   23.2   85.0   24.4   20.6   21.4 1008.90      34      430
2010-09-04 11:49:30    336916170  ***  ***    1.5    1.5    1.5   23.1   23.1   85.4   24.3   20.5   21.3 1009.00      33      425
2010-09-04 11:50:00    336916200  ***  ***    0.0    0.0    0.0   23.6   23.6   86.2   25.0   21.1   21.8 1009.00      33      443
2010-09-04 11:50:30    336916230  ***  ***    1.4    1.4    1.4   23.7   23.7   84.3   25.0   20.9   21.7 1009.00      33      447
2010-09-04 11:51:00    336916260  ***  ***    1.8    1.8    1.8   23.2   23.2   83.8   24.4   20.4   21.2 1008.90      34      429
2010-09-04 11:51:30    336916290  ***  ***    1.9    1.9    1.9   23.3   23.3   85.1   24.6   20.6   21.4 1008.90      34      432
2010-09-04 11:52:00    336916320  ***  ***    2.7    2.7    2.7   23.1   23.1   85.3   24.3   20.5   21.3 1009.00      33      425
2010-09-04 11:52:30    336916350  ***  ***    0.0    0.0    0.0   23.6   23.6   86.3   25.0   21.2   21.9 1009.00      33      447
2010-09-04 11:53:00    336916380  ***  ***    0.0    0.0    0.0   23.7   23.7   85.8   25.1   21.1   21.9 1008.90      34      449
2010-09-04 11:53:30    336916410  ***  ***    0.0    0.0    0.0   24.1   24.1   84.4   25.5   21.3   22.1 1009.00      33      462
2010-09-04 11:54:00    336916440  ***  ***    2.3    2.3    2.3   23.5   23.5   82.8   24.7   20.4   21.3 1008.90      34      437
2010-09-04 11:54:30    336916470  ***  ***    0.0    0.0    0.0   23.7   23.7   84.5   25.0   21.0   21.8 1009.00      33      450
2010-09-04 11:55:00    336916500  ***  ***    1.3    1.3    1.3   23.5   23.5   83.6   24.8   20.6   21.5 1009.00      33      440
2010-09-04 11:55:30    336916530  ***  ***    1.7    1.7    1.7   23.3   23.3   84.5   24.5   20.6   21.4 1009.00      33      432
2010-09-04 11:56:00    336916560  ***  ***    1.0    1.0    1.0   23.5   23.5   85.4   24.8   20.9   21.7 1009.00      33      439
2010-09-04 11:56:30    336916590  ***  ***    1.7    1.7    1.7   23.4   23.4   84.9   24.7   20.8   21.6 1009.00      33      437
2010-09-04 11:57:00    336916620  ***  ***    0.0    0.0    0.0   24.3   24.3   84.7   25.8   21.6   22.4 1009.00      33      474
2010-09-04 11:57:30    336916650  ***  ***    0.0    0.0    0.0   23.9   23.9   82.4   25.2   20.8   21.7 1009.00      33      455
2010-09-04 11:58:00    336916680  ***  ***    1.9    1.9    1.9   23.5   23.5   82.6   24.7   20.3   21.3 1008.90      34      438
2010-09-04 11:58:30    336916710  ***  ***    2.0    2.0    2.0   23.6   23.6   83.8   24.9   20.7   21.5 1009.00      33      443
2010-09-04 11:59:00    336916740  ***  ***    2.3    2.3    2.3   23.7   23.7   83.9   25.0   20.8   21.7 1009.00      33      448
2010-09-04 11:59:30    336916770  ***  ***    2.6    2.6    2.6   23.6   23.6   83.7   24.9   20.7   21.5 1009.00      33      442
2010-09-04 12:00:00    336916800  ***  ***    2.4    2.4    2.4   23.6   23.6   84.3   24.9   20.8   21.6 1008.90      34      442
2010-09-04 12:00:30    336916830  ***  ***    0.0    0.0    0.0   24.0   24.0   85.4   25.5   21.4   22.2 1008.90      34      462
2010-09-04 12:01:00    336916860  ***  ***    0.0    0.0    0.0   24.5   24.5   83.6   26.0   21.5   22.4 1008.90      34      479
2010-09-04 12:01:30    336916890  ***  ***    1.9    1.9    1.9   24.4   24.4   81.7   25.7   21.1   22.1 1008.90      34      474
2010-09-04 12:02:00    336916920  ***  ***    1.9    1.9    1.9   23.7   23.7   81.6   24.8   20.4   21.4 1008.90      34      446
2010-09-04 12:02:30    336916950  ***  ***    0.0    0.0    0.0   24.5   24.5   83.6   26.0   21.5   22.4 1008.90      34      480
2010-09-04 12:03:00    336916980  ***  ***    0.0    0.0    0.0   25.5   25.5   81.5   27.7   22.1   23.0 1008.90      34      516
2010-09-04 12:03:30    336917010  ***  ***    2.6    2.6    2.6   24.1   24.1   79.5   25.2   20.3   21.4 1008.90      34      457
2010-09-04 12:04:00    336917040  ***  ***    1.9    1.9    1.9   23.8   23.8   81.3   25.0   20.4   21.4 1009.00      33      449
2010-09-04 12:04:30    336917070  ***  ***    1.6    1.6    1.6   23.7   23.7   82.3   24.9   20.6   21.5 1008.90      34      447
2010-09-04 12:05:00    336917100  ***  ***    1.0    1.0    1.0   24.0   24.0   83.7   25.4   21.0   21.9 1008.90      34      458
2010-09-04 12:05:30    336917130  ***  ***    1.5    1.5    1.5   23.9   23.9   83.2   25.3   20.8   21.7 1008.90      34      454
2010-09-04 12:06:00    336917160  ***  ***    0.0    0.0    0.0   24.3   24.3   83.7   25.8   21.4   22.2 1009.00      33      472
2010-09-04 12:06:30    336917190  ***  ***    1.5    1.5    1.5   24.1   24.1   82.3   25.4   20.9   21.8 1008.90      34      464
2010-09-04 12:07:00    336917220  ***  ***    3.6    3.6    3.6   23.7   23.7   82.0   24.9   20.5   21.4 1008.90      34      447
2010-09-04 12:07:30    336917250  ***  ***    2.2    2.2    2.2   23.8   23.8   83.0   25.1   20.7   21.6 1008.90      34      450
2010-09-04 12:08:00    336917280  ***  ***    1.7    1.7    1.7   24.0   24.0   84.1   25.4   21.1   21.9 1008.90      34      460
2010-09-04 12:08:30    336917310  ***  ***    1.4    1.4    1.4   24.9   24.9   83.4   26.7   21.8   22.7 1008.90      34      494
2010-09-04 12:09:00    336917340  ***  ***    1.7    1.7    1.7   24.5   24.5   81.3   25.8   21.1   22.1 1008.90      34      477
2010-09-04 12:09:30    336917370  ***  ***    1.7    1.7    1.7   24.3   24.3   80.6   25.6   20.8   21.8 1008.90      34      470
2010-09-04 12:10:00    336917400  ***  ***    2.3    2.3    2.3   24.3   24.3   81.1   25.6   20.8   21.8 1008.90      34      468
2010-09-04 12:10:30    336917430  ***  ***    2.2    2.2    2.2   24.0   24.0   81.8   25.2   20.7   21.7 1008.90      34      458
2010-09-04 12:11:00    336917460  ***  ***    1.7    1.7    1.7   24.5   24.5   82.2   25.9   21.2   22.2 1008.90      34      477
2010-09-04 12:11:30    336917490  ***  ***    1.3    1.3    1.3   24.5   24.5   81.3   25.8   21.0   22.0 1008.90      34      476
2010-09-04 12:12:00    336917520  ***  ***    4.7    4.7    4.7   24.1   24.1   80.8   25.3   20.6   21.6 1008.90      34      461
2010-09-04 12:12:30    336917550  ***  ***    2.6    2.6    2.6   24.4   24.4   81.9   25.8   21.1   22.1 1008.90      34      474
2010-09-04 12:13:00    336917580  ***  ***    3.7    3.7    3.7   24.2   24.2   81.1   25.4   20.8   21.8 1008.90      34      466
2010-09-04 12:13:30    336917610  ***  ***    3.0    3.0    3.0   24.1   24.1   81.7   25.3   20.8   21.8 1009.00      33      461
2010-09-04 12:14:00    336917640  ***  ***    2.3    2.3    2.2   24.5   24.5   82.6   25.9   21.3   22.2 1008.90      34      479
2010-09-04 12:14:30    336917670  ***  ***    0.0    0.0    0.0   25.4   25.4   83.2   27.7   22.4   23.2 1009.00      33      516
2010-09-04 12:15:00    336917700  ***  ***    0.0    0.0    0.0   25.9   25.9   81.1   28.5   22.4   23.4 1009.00      33      534
2010-09-04 12:15:30    336917730  ***  ***    1.4    1.4    1.4   24.7   24.7   77.8   25.9   20.6   21.8 1009.00      33      480
2010-09-04 12:16:00    336917760  ***  ***    1.5    1.5    1.5   25.1   25.1   79.6   26.8   21.3   22.4 1009.00      33      498
2010-09-04 12:16:30    336917790  ***  ***    1.8    1.8    1.8   24.6   24.6   78.5   25.7   20.6   21.8 1009.00      33      477
2010-09-04 12:17:00    336917820  ***  ***    1.6    1.6    1.6   24.7   24.7   79.3   26.0   20.8   22.0 1009.00      33      480
2010-09-04 12:17:30    336917850  ***  ***    2.5    2.5    2.5   24.7   24.7   79.8   26.0   21.0   22.1 1009.00      33      484
2010-09-04 12:18:00    336917880  ***  ***    2.9    2.9    2.9   24.7   24.7   79.5   26.0   20.9   22.0 1009.00      33      480
2010-09-04 12:18:30    336917910  ***  ***    2.4    2.4    2.4   24.6   24.6   80.0   25.8   20.9   22.0 1009.00      33      479
2010-09-04 12:19:00    336917940  ***  ***    3.5    3.5    3.5   24.7   24.7   80.4   26.0   21.1   22.1 1009.00      33      483
2010-09-04 12:19:30    336917970  ***  ***    3.3    3.3    3.3   24.5   24.5   79.6   25.7   20.8   21.9 1009.00      33      476
2010-09-04 12:20:00    336918000  ***  ***    3.2    3.2    3.2   24.5   24.5   80.0   25.7   20.8   21.9 1009.00      33      475
2010-09-04 12:20:30    336918030  ***  ***    2.9    2.9    2.9   24.6   24.6   80.4   25.8   21.0   22.1 1009.00      33      479
2010-09-04 12:21:00    336918060  ***  ***    2.0    2.0    2.0   25.0   25.0   81.0   26.7   21.5   22.5 1009.00      33      495
2010-09-04 12:21:30    336918090  ***  ***    1.5    1.5    1.5   25.1   25.1   80.2   26.8   21.4   22.5 1009.00      33      498
2010-09-04 12:22:00    336918120  ***  ***    2.2    2.2    2.2   24.7   24.7   79.8   26.0   21.0   22.1 1009.00      33      483
2010-09-04 12:22:30    336918150  ***  ***    2.0    2.0    2.0   25.0   25.0   81.0   26.7   21.5   22.5 1009.00      33      496
2010-09-04 12:23:00    336918180  ***  ***    2.9    2.9    2.9   24.6   24.6   79.9   25.8   20.9   22.0 1008.90      34      481
2010-09-04 12:23:30    336918210  ***  ***    4.4    4.4    4.4   24.5   24.5   79.4   25.7   20.7   21.8 1008.90      34      474
2010-09-04 12:24:00    336918240  ***  ***    4.2    4.2    4.2   24.5   24.5   80.3   25.7   20.9   22.0 1008.90      34      475
2010-09-04 12:24:30    336918270  ***  ***    4.2    4.2    4.2   24.6   24.6   81.3   25.9   21.2   22.2 1008.90      34      481
2010-09-04 12:25:00    336918300  ***  ***    4.4    4.4    4.4   24.7   24.7   81.6   26.1   21.3   22.3 1008.90      34      485
2010-09-04 12:25:30    336918330  ***  ***    2.4    2.4    2.4   24.5   24.5   80.8   25.8   21.0   22.0 1008.90      34      479
2010-09-04 12:26:00    336918360  ***  ***    2.5    2.5    2.5   24.6   24.6   81.4   25.9   21.3   22.2 1008.90      34      482
2010-09-04 12:26:30    336918390  ***  ***    1.3    1.3    1.3   24.7   24.7   80.9   26.1   21.2   22.2 1008.90      34      484
2010-09-04 12:27:00    336918420  ***  ***    0.0    0.0    0.0   25.4   25.4   82.0   27.6   22.1   23.0 1008.90      34      513
2010-09-04 12:27:30    336918450  ***  ***    1.2    1.2    1.2   24.8   24.8   79.6   26.2   21.0   22.1 1008.90      34      486
2010-09-04 12:28:00    336918480  ***  ***    1.6    1.6    1.6   24.7   24.7   80.4   26.0   21.1   22.1 1008.90      34      485
2010-09-04 12:28:30    336918510  ***  ***    2.0    2.0    2.0   24.6   24.6   80.4   25.8   21.0   22.1 1008.90      34      479
2010-09-04 12:29:00    336918540  ***  ***    1.6    1.6    1.6   24.7   24.7   80.9   26.1   21.2   22.2 1009.00      33      483
2010-09-04 12:29:30    336918570  ***  ***    0.0    0.0    0.0   25.2   25.2   81.5   27.1   21.8   22.7 1008.90      34      505
2010-09-04 12:30:00    336918600  ***  ***    0.0    0.0    0.0   25.1   25.1   81.0   26.9   21.6   22.6 1009.00      33      500
2010-09-04 12:30:30    336918630  ***  ***    3.1    3.1    3.1   24.7   24.7   80.0   26.0   21.0   22.1 1009.00      33      483
2010-09-04 12:31:00    336918660  ***  ***    2.0    2.0    2.0   24.6   24.6   80.3   25.8   21.0   22.1 1009.00      33      479
2010-09-04 12:31:30    336918690  ***  ***    2.1    2.1    2.1   24.8   24.8   81.4   26.3   21.4   22.4 1009.00      33      489
2010-09-04 12:32:00    336918720  ***  ***    2.0    2.0    2.0   24.5   24.5   80.6   25.8   21.0   22.0 1009.00      33      477
2010-09-04 12:32:30    336918750  ***  ***    3.5    3.5    3.5   24.6   24.6   80.7   25.9   21.0   22.1 1009.00      33      479
2010-09-04 12:33:00    336918780  ***  ***    2.2    2.2    2.2   24.6   24.6   81.0   25.9   21.2   22.2 1009.00      33      482
2010-09-04 12:33:30    336918810  ***  ***    2.4    2.4    2.4   24.8   24.8   81.4   26.3   21.4   22.4 1009.00      33      488
2010-09-04 12:34:00    336918840  ***  ***    2.4    2.4    2.4   24.6   24.6   80.3   25.8   21.0   22.1 1009.00      33      479
2010-09-04 12:34:30    336918870  ***  ***    3.5    3.5    3.5   24.6   24.6   80.8   25.9   21.1   22.1 1008.90      34      481
2010-09-04 12:35:00    336918900  ***  ***    2.0    2.0    2.0   24.7   24.7   80.6   26.1   21.1   22.1 1009.00      33      484
2010-09-04 12:35:30    336918930  ***  ***    0.0    0.0    0.0   25.3   25.3   81.1   27.3   21.9   22.9 1009.00      33      510
2010-09-04 12:36:00    336918960  ***  ***    2.7    2.7    2.7   24.9   24.9   78.4   26.2   20.9   22.1 1009.00      33      490
2010-09-04 12:36:30    336918990  ***  ***    2.4    2.4    2.4   24.8   24.8   78.7   26.1   20.9   22.0 1009.00      33      487
2010-09-04 12:37:00    336919020  ***  ***    2.7    2.7    2.7   24.9   24.9   80.1   26.4   21.3   22.3 1008.90      34      493
2010-09-04 12:37:30    336919050  ***  ***    1.7    1.7    1.7   25.0   25.0   80.1   26.6   21.4   22.4 1008.90      34      498
2010-09-04 12:38:00    336919080  ***  ***    3.4    3.4    3.4   24.7   24.7   79.6   26.0   20.9   22.0 1008.90      34      482
2010-09-04 12:38:30    336919110  ***  ***    1.7    1.7    1.7   24.9   24.9   80.8   26.5   21.4   22.4 1008.90      34      493
2010-09-04 12:39:00    336919140  ***  ***    2.4    2.4    2.4   24.7   24.7   80.2   26.0   21.0   22.1 1009.00      33      481
2010-09-04 12:39:30    336919170  ***  ***    0.0    0.0    0.0   25.1   25.1   81.2   26.9   21.6   22.6 1008.90      34      500
2010-09-04 12:40:00    336919200  ***  ***    2.2    2.2    2.2   24.9   24.9   80.1   26.4   21.2   22.3 1008.90      34      491
2010-09-04 12:40:30    336919230  ***  ***    3.0    3.0    3.0   24.7   24.7   80.1   26.0   21.1   22.1 1008.90      34      485
2010-09-04 12:41:00    336919260  ***  ***    2.3    2.3    2.3   24.6   24.6   80.2   25.8   21.0   22.1 1008.90      34      480
2010-09-04 12:41:30    336919290  ***  ***    2.0    2.0    2.0   24.7   24.7   80.7   26.1   21.2   22.2 1009.00      33      485
2010-09-04 12:42:00    336919320  ***  ***    1.9    1.9    1.9   24.9   24.9   81.5   26.5   21.5   22.5 1009.00      33      493
2010-09-04 12:42:30    336919350  ***  ***    1.2    1.2    1.2   25.0   25.0   81.1   26.7   21.5   22.5 1008.90      34      496
2010-09-04 12:43:00    336919380  ***  ***    1.5    1.5    1.5   24.9   24.9   80.7   26.5   21.3   22.3 1008.90      34      492
2010-09-04 12:43:30    336919410  ***  ***    1.5    1.5    1.5   24.9   24.9   80.7   26.5   21.3   22.3 1009.00      33      492
2010-09-04 12:44:00    336919440  ***  ***    0.9    0.9    0.9   24.9   24.9   80.5   26.5   21.3   22.3 1008.90      34      492
2010-09-04 12:44:30    336919470  ***  ***    0.0    0.0    0.0   25.0   25.0   81.0   26.7   21.5   22.5 1008.90      34      498
2010-09-04 12:45:00    336919500  ***  ***    1.2    1.2    1.2   25.0   25.0   81.1   26.7   21.5   22.5 1008.90      34      495
2010-09-04 12:45:30    336919530  ***  ***    3.3    3.3    3.3   24.6   24.6   80.0   25.8   20.9   22.0 1008.90      34      479
2010-09-04 12:46:00    336919560  ***  ***    3.3    3.3    3.3   24.6   24.6   80.7   25.9   21.0   22.1 1008.90      34      480
2010-09-04 12:46:30    336919590  ***  ***    2.8    2.8    2.8   24.6   24.6   80.8   25.9   21.0   22.1 1008.90      34      479
2010-09-04 12:47:00    336919620  ***  ***    1.6    1.6    1.6   24.8   24.8   81.4   26.3   21.4   22.4 1008.90      34      488
2010-09-04 12:47:30    336919650  ***  ***    2.4    2.4    2.4   24.6   24.6   81.3   25.9   21.2   22.2 1008.90      34      482
2010-09-04 12:48:00    336919680  ***  ***    2.8    2.8    2.8   24.6   24.6   81.2   25.9   21.2   22.2 1008.90      34      482
2010-09-04 12:48:30    336919710  ***  ***    2.7    2.7    2.7   24.6   24.6   81.2   25.9   21.2   22.2 1008.90      34      480
2010-09-04 12:49:00    336919740  ***  ***    1.6    1.6    1.6   24.6   24.6   81.7   25.9   21.3   22.2 1008.90      34      483
2010-09-04 12:49:30    336919770  ***  ***    1.2    1.2    1.2   24.7   24.7   81.5   26.1   21.4   22.4 1008.90      34      488
2010-09-04 12:50:00    336919800  ***  ***    1.6    1.6    1.6   24.8   24.8   81.3   26.3   21.3   22.3 1009.00      33      486
2010-09-04 12:50:30    336919830  ***  ***    2.7    2.7    2.7   24.6   24.6   81.1   25.9   21.2   22.2 1008.90      34      482
2010-09-04 12:51:00    336919860  ***  ***    1.6    1.6    1.6   24.8   24.8   81.7   26.3   21.5   22.5 1009.00      33      491
2010-09-04 12:51:30    336919890  ***  ***    1.4    1.4    1.4   24.9   24.9   81.4   26.5   21.5   22.5 1009.00      33      492
2010-09-04 12:52:00    336919920  ***  ***    1.4    1.4    1.4   24.9   24.9   81.1   26.5   21.5   22.5 1009.00      33      493
2010-09-04 12:52:30    336919950  ***  ***    2.8    2.8    2.8   24.9   24.9   81.3   26.5   21.5   22.5 1009.00      33      494
2010-09-04 12:53:00    336919980  ***  ***    1.7    1.7    1.7   24.8   24.8   80.3   26.2   21.2   22.3 1009.00      33      486
2010-09-04 12:53:30    336920010  ***  ***    3.3    3.3    3.3   24.9   24.9   80.7   26.5   21.4   22.4 1009.10      33      492
2010-09-04 12:54:00    336920040  ***  ***    1.9    1.9    1.9   25.1   25.1   80.7   26.9   21.6   22.6 1009.00      33      501
2010-09-04 12:54:30    336920070  ***  ***    2.9    2.9    2.9   25.3   25.3   80.1   27.2   21.6   22.7 1009.10      33      505
2010-09-04 12:55:00    336920100  ***  ***    3.4    3.4    3.4   25.2   25.2   78.9   26.9   21.3   22.4 1009.00      33      501
2010-09-04 12:55:30    336920130  ***  ***    3.3    3.3    3.3   24.9   24.9   79.1   26.3   21.1   22.2 1009.00      33      491
2010-09-04 12:56:00    336920160  ***  ***    3.2    3.2    3.2   25.4   25.4   78.8   27.3   21.5   22.6 1009.10      32      511
2010-09-04 12:56:30    336920190  ***  ***    3.2    3.2    3.2   25.5   25.5   77.9   27.4   21.3   22.5 1009.10      32      511
2010-09-04 12:57:00    336920220  ***  ***    2.4    2.4    2.4   25.2   25.2   77.1   26.7   20.9   22.1 1009.00      33      498
2010-09-04 12:57:30    336920250  ***  ***    1.8    1.8    1.8   26.3   26.3   79.1   29.1   22.3   23.4 1009.00      33      545
2010-09-04 12:58:00    336920280  ***  ***    2.1    2.1    2.1   25.8   25.8   76.6   27.8   21.3   22.6 1009.10      33      521
2010-09-04 12:58:30    336920310  ***  ***    2.8    2.8    2.8   25.8   25.8   78.1   28.0   21.7   22.9 1009.10      33      524
2010-09-04 12:59:00    336920340  ***  ***    1.9    1.9    1.9   25.1   25.1   77.4   26.5   20.8   22.1 1009.00      33      494
2010-09-04 12:59:30    336920370  ***  ***    2.2    2.2    2.2   26.0   26.0   78.3   28.4   21.9   23.1 1009.00      33      532
2010-09-04 13:00:00    336920400  ***  ***    4.2    4.2    4.2   25.5   25.5   76.6   27.3   21.1   22.4 1009.00      33      513
2010-09-04 13:00:30    336920430  ***  ***    4.1    4.1    4.1   25.9   25.9   77.2   28.1   21.6   22.8 1009.00      33      528
2010-09-04 13:01:00    336920460  ***  ***    3.3    3.3    3.3   25.9   25.9   77.0   28.1   21.6   22.8 1009.00      33      529
2010-09-04 13:01:30    336920490  ***  ***    6.1    6.1    6.1   25.9   25.9   77.0   28.1   21.6   22.8 1009.00      33      528
2010-09-04 13:02:00    336920520  ***  ***    4.2    4.2    4.2   25.5   25.5   76.5   27.3   21.1   22.4 1009.00      33      512
2010-09-04 13:02:30    336920550  ***  ***    1.3    1.3    1.3   25.8   25.8   77.9   28.0   21.7   22.9 1009.00      33      525
2010-09-04 13:03:00    336920580  ***  ***    2.1    2.1    2.1   25.8   25.8   77.6   27.9   21.6   22.8 1009.00      33      525
2010-09-04 13:03:30    336920610  ***  ***    5.6    5.6    5.6   25.4   25.4   77.5   27.1   21.2   22.4 1008.90      34      511
2010-09-04 13:04:00    336920640  ***  ***    4.3    4.3    4.3   25.2   25.2   78.0   26.8   21.1   22.3 1008.90      34      503
2010-09-04 13:04:30    336920670  ***  ***    5.2    5.2    5.2   25.4   25.4   78.9   27.3   21.4   22.6 1008.90      34      511
2010-09-04 13:05:00    336920700  ***  ***    3.0    3.0    3.0   25.1   25.1   78.0   26.6   21.0   22.2 1008.90      34      499
2010-09-04 13:05:30    336920730  ***  ***    2.6    2.6    2.6   25.4   25.4   78.9   27.3   21.5   22.6 1008.90      34      513
2010-09-04 13:06:00    336920760  ***  ***    2.0    2.0    2.0   25.5   25.5   78.6   27.5   21.5   22.7 1008.90      34      513
2010-09-04 13:06:30    336920790  ***  ***    3.1    3.1    3.1   25.5   25.5   78.4   27.4   21.5   22.7 1008.90      34      515
2010-09-04 13:07:00    336920820  ***  ***    2.2    2.2    2.2   25.8   25.8   78.7   28.1   21.8   22.9 1008.90      34      527
2010-09-04 13:07:30    336920850  ***  ***    2.0    2.0    2.0   25.8   25.8   77.8   28.0   21.6   22.8 1008.90      34      526
2010-09-04 13:08:00    336920880  ***  ***    1.4    1.4    1.4   25.9   25.9   78.0   28.2   21.8   23.0 1009.00      33      529
2010-09-04 13:08:30    336920910  ***  ***    3.7    3.7    3.7   25.5   25.5   77.5   27.3   21.3   22.5 1009.00      33      513
2010-09-04 13:09:00    336920940  ***  ***    2.7    2.7    2.7   25.6   25.6   78.0   27.6   21.5   22.7 1008.90      34      516
2010-09-04 13:09:30    336920970  ***  ***    2.9    2.9    2.9   25.6   25.6   78.2   27.6   21.5   22.7 1008.90      34      518
2010-09-04 13:10:00    336921000  ***  ***    5.4    5.4    5.4   25.6   25.6   78.2   27.6   21.5   22.7 1008.90      34      516
2010-09-04 13:10:30    336921030  ***  ***    1.8    1.8    1.8   25.6   25.6   78.2   27.6   21.5   22.7 1009.00      33      516
2010-09-04 13:11:00    336921060  ***  ***    4.4    4.4    4.4   25.4   25.4   77.9   27.2   21.3   22.5 1009.00      33      508
2010-09-04 13:11:30    336921090  ***  ***    4.4    4.4    4.4   25.5   25.5   78.6   27.5   21.5   22.7 1009.00      33      516
2010-09-04 13:12:00    336921120  ***  ***    3.9    3.9    3.9   25.4   25.4   78.3   27.2   21.4   22.6 1009.00      33      509
2010-09-04 13:12:30    336921150  ***  ***    4.9    4.9    4.8   25.4   25.4   78.5   27.2   21.4   22.6 1009.00      33      509
2010-09-04 13:13:00    336921180  ***  ***    5.9    5.9    5.9   25.2   25.2   78.3   26.8   21.2   22.4 1009.00      33      502
2010-09-04 13:13:30    336921210  ***  ***    6.2    6.2    6.2   25.2   25.2   78.7   26.9   21.3   22.4 1009.00      33      503
2010-09-04 13:14:00    336921240  ***  ***    5.7    5.7    5.7   25.3   25.3   78.9   27.1   21.4   22.5 1009.00      33      507
2010-09-04 13:14:30    336921270  ***  ***    4.7    4.7    4.7   25.4   25.4   78.6   27.3   21.4   22.6 1009.00      33      509
2010-09-04 13:15:00    336921300  ***  ***    2.4    2.4    2.4   25.6   25.6   78.6   27.7   21.6   22.7 1009.10      33      516
2010-09-04 13:15:30    336921330  ***  ***    2.6    2.6    2.6   25.6   25.6   78.5   27.6   21.6   22.7 1009.00      33      519
2010-09-04 13:16:00    336921360  ***  ***    4.9    4.9    4.9   25.5   25.5   78.1   27.4   21.4   22.6 1009.00      33      513
2010-09-04 13:16:30    336921390  ***  ***    3.9    3.9    3.9   25.7   25.7   78.1   27.8   21.6   22.8 1009.00      33      520
2010-09-04 13:17:00    336921420  ***  ***    4.9    4.9    4.9   25.5   25.5   77.8   27.4   21.4   22.6 1009.00      33      514
2010-09-04 13:17:30    336921450  ***  ***    4.2    4.2    4.2   25.6   25.6   77.8   27.6   21.4   22.6 1009.10      33      514
2010-09-04 13:18:00    336921480  ***  ***    2.8    2.8    2.8   25.5   25.5   78.1   27.4   21.4   22.6 1009.10      33      513
2010-09-04 13:18:30    336921510  ***  ***    4.0    4.0    4.0   25.5   25.5   78.1   27.4   21.4   22.6 1009.10      33      513
2010-09-04 13:19:00    336921540  ***  ***    2.6    2.6    2.6   25.7   25.7   78.0   27.8   21.5   22.7 1009.10      33      519
2010-09-04 13:19:30    336921570  ***  ***    2.3    2.3    2.3   25.9   25.9   77.3   28.1   21.6   22.8 1009.10      32      527
2010-09-04 13:20:00    336921600  ***  ***    2.9    2.9    2.9   26.1   26.1   76.8   28.5   21.7   23.0 1009.20      32      535
2010-09-04 13:20:30    336921630  ***  ***    3.4    3.4    3.4   26.3   26.3   75.9   28.7   21.7   23.0 1009.20      32      540
2010-09-04 13:21:00    336921660  ***  ***    5.9    5.9    5.9   26.1   26.1   75.0   28.3   21.3   22.7 1009.20      32      531
2010-09-04 13:21:30    336921690  ***  ***    3.3    3.3    3.3   26.7   26.7   75.4   29.4   22.0   23.3 1009.20      32      554
2010-09-04 13:22:00    336921720  ***  ***    3.2    3.2    3.2   26.6   26.6   74.3   29.1   21.7   23.1 1009.20      31      550
2010-09-04 13:22:30    336921750  ***  ***    2.2    2.2    2.2   26.6   26.6   74.1   29.1   21.6   23.0 1009.20      31      549
2010-09-04 13:23:00    336921780  ***  ***    2.6    2.6    2.6   27.1   27.1   75.0   30.2   22.3   23.6 1009.20      31      572
2010-09-04 13:23:30    336921810  ***  ***    4.4    4.4    4.4   26.7   26.7   73.7   29.2   21.6   23.0 1009.20      32      553
2010-09-04 13:24:00    336921840  ***  ***    3.6    3.6    3.6   27.0   27.0   74.5   29.9   22.1   23.4 1009.20      32      566
2010-09-04 13:24:30    336921870  ***  ***    5.8    5.8    5.8   26.3   26.3   73.5   28.5   21.1   22.6 1009.20      32      534
2010-09-04 13:25:00    336921900  ***  ***    2.1    2.1    2.1   27.0   27.0   75.4   30.0   22.3   23.6 1009.20      32      567
2010-09-04 13:25:30    336921930  ***  ***    6.3    6.3    6.3   26.4   26.4   74.3   28.7   21.4   22.8 1009.20      31      541
2010-09-04 13:26:00    336921960  ***  ***    2.8    2.8    2.8   26.5   26.5   75.0   29.0   21.7   23.1 1009.20      32      547
2010-09-04 13:26:30    336921990  ***  ***    2.8    2.8    2.8   26.5   26.5   74.4   28.9   21.6   23.0 1009.20      31      546
2010-09-04 13:27:00    336922020  ***  ***    7.9    7.9    7.9   26.8   26.8   73.5   29.4   21.6   23.1 1009.20      31      557
2010-09-04 13:27:30    336922050  ***  ***    6.3    6.3    6.3   26.5   26.5   72.4   28.7   21.1   22.6 1009.20      31      541
2010-09-04 13:28:00    336922080  ***  ***    5.4    5.4    5.3   26.6   26.6   73.1   29.0   21.4   22.9 1009.30      31      547
2010-09-04 13:28:30    336922110  ***  ***    3.7    3.7    3.7   27.0   27.0   73.6   29.7   21.9   23.3 1009.30      31      567
2010-09-04 13:29:00    336922140  ***  ***    3.7    3.7    3.7   27.5   27.5   72.5   30.5   22.1   23.6 1009.30      31      585
2010-09-04 13:29:30    336922170  ***  ***    3.8    3.8    3.8   27.0   27.0   71.9   29.5   21.5   23.1 1009.30      31      564
2010-09-04 13:30:00    336922200  ***  ***    6.5    6.5    6.5   26.9   26.9   71.9   29.3   21.4   23.0 1009.30      31      558
2010-09-04 13:30:30    336922230  ***  ***    4.1    4.1    4.1   26.9   26.9   72.0   29.4   21.4   23.0 1009.20      31      558
2010-09-04 13:31:00    336922260  ***  ***    4.0    4.0    4.0   27.3   27.3   72.7   30.2   21.9   23.4 1009.20      31      576
2010-09-04 13:31:30    336922290  ***  ***    5.6    5.6    5.6   26.9   26.9   72.3   29.4   21.5   23.0 1009.20      31      558
2010-09-04 13:32:00    336922320  ***  ***    8.6    8.6    8.6   26.5   26.5   72.9   28.7   21.3   22.8 1009.20      32      545
2010-09-04 13:32:30    336922350  ***  ***    4.4    4.4    4.4   26.5   26.5   74.1   28.9   21.6   23.0 1009.20      32      547
2010-09-04 13:33:00    336922380  ***  ***    5.7    5.7    5.6   26.6   26.6   74.2   29.1   21.6   23.0 1009.20      32      549
2010-09-04 13:33:30    336922410  ***  ***    3.1    3.1    3.1   26.8   26.8   73.9   29.4   21.8   23.2 1009.20      32      558
2010-09-04 13:34:00    336922440  ***  ***    7.3    7.3    7.3   26.8   26.8   73.8   29.4   21.7   23.2 1009.30      31      557
2010-09-04 13:34:30    336922470  ***  ***    6.6    6.6    6.6   26.6   26.6   73.7   29.1   21.5   23.0 1009.20      31      551
2010-09-04 13:35:00    336922500  ***  ***    3.7    3.7    3.7   26.4   26.4   73.7   28.7   21.3   22.7 1009.20      31      540
2010-09-04 13:35:30    336922530  ***  ***    3.8    3.8    3.8   26.6   26.6   74.7   29.1   21.8   23.1 1009.20      31      553
2010-09-04 13:36:00    336922560  ***  ***    4.3    4.3    4.3   26.4   26.4   74.5   28.7   21.5   22.9 1009.20      31      543
2010-09-04 13:36:30    336922590  ***  ***    5.1    5.1    5.1   26.4   26.4   74.7   28.7   21.5   22.9 1009.30      31      542
2010-09-04 13:37:00    336922620  ***  ***    5.7    5.7    5.7   26.5   26.5   74.7   28.9   21.7   23.1 1009.30      31      548
2010-09-04 13:37:30    336922650  ***  ***    4.6    4.6    4.6   26.5   26.5   74.8   28.9   21.6   23.0 1009.30      31      545
2010-09-04 13:38:00    336922680  ***  ***    3.7    3.7    3.7   26.7   26.7   75.2   29.4   21.9   23.3 1009.30      31      553
2010-09-04 13:38:30    336922710  ***  ***    3.3    3.3    3.3   26.5   26.5   74.3   28.9   21.6   23.0 1009.30      31      545
2010-09-04 13:39:00    336922740  ***  ***    6.1    6.1    6.1   26.7   26.7   74.8   29.3   21.8   23.2 1009.40      30      553
2010-09-04 13:39:30    336922770  ***  ***    4.1    4.1    4.1   26.6   26.6   74.9   29.1   21.8   23.1 1009.40      30      549
2010-09-04 13:40:00    336922800  ***  ***    4.7    4.7    4.7   26.5   26.5   74.1   28.9   21.5   22.9 1009.30      30      546
2010-09-04 13:40:30    336922830  ***  ***    4.8    4.8    4.8   26.9   26.9   73.3   29.5   21.7   23.2 1009.40      30      559
2010-09-04 13:41:00    336922860  ***  ***    2.7    2.7    2.7   27.6   27.6   73.0   30.8   22.4   23.8 1009.40      30      588
2010-09-04 13:41:30    336922890  ***  ***    4.6    4.6    4.6   27.1   27.1   70.7   29.6   21.3   22.9 1009.40      30      564
2010-09-04 13:42:00    336922920  ***  ***    6.1    6.1    6.1   27.2   27.2   71.2   29.8   21.5   23.1 1009.50      29      568
2010-09-04 13:42:30    336922950  ***  ***    6.3    6.3    6.3   27.2   27.2   71.4   29.8   21.6   23.2 1009.40      30      567
2010-09-04 13:43:00    336922980  ***  ***    4.8    4.8    4.8   27.1   27.1   72.6   29.8   21.7   23.2 1009.40      30      564
2010-09-04 13:43:30    336923010  ***  ***    4.2    4.2    4.2   26.6   26.6   73.0   29.0   21.4   22.9 1009.40      30      548
2010-09-04 13:44:00    336923040  ***  ***    4.0    4.0    4.0   26.6   26.6   73.5   29.0   21.5   23.0 1009.40      30      548
2010-09-04 13:44:30    336923070  ***  ***    4.8    4.8    4.8   26.9   26.9   74.6   29.7   22.1   23.4 1009.30      31      564
2010-09-04 13:45:00    336923100  ***  ***    3.5    3.5    3.5   26.8   26.8   74.1   29.4   21.8   23.2 1009.30      30      556
2010-09-04 13:45:30    336923130  ***  ***    6.1    6.1    6.1   26.7   26.7   74.2   29.2   21.7   23.1 1009.30      30      553
2010-09-04 13:46:00    336923160  ***  ***    5.9    5.9    5.9   26.6   26.6   73.8   29.1   21.5   23.0 1009.40      30      546
2010-09-04 13:46:30    336923190  ***  ***    2.0    2.0    2.0   27.1   27.1   74.1   30.0   22.1   23.5 1009.40      30      567
2010-09-04 13:47:00    336923220  ***  ***    3.4    3.4    3.4   27.6   27.6   73.7   30.9   22.4   23.8 1009.40      30      586
2010-09-04 13:47:30    336923250  ***  ***    3.6    3.6    3.6   27.5   27.5   71.4   30.3   21.8   23.4 1009.40      30      579
2010-09-04 13:48:00    336923280  ***  ***    2.9    2.9    2.9   27.6   27.6   71.0   30.5   21.9   23.5 1009.40      30      583
2010-09-04 13:48:30    336923310  ***  ***    4.1    4.1    4.1   27.6   27.6   70.9   30.4   21.9   23.5 1009.40      30      584
2010-09-04 13:49:00    336923340  ***  ***    3.2    3.2    3.2   27.2   27.2   71.0   29.8   21.4   23.0 1009.40      30      567
2010-09-04 13:49:30    336923370  ***  ***    2.9    2.9    2.9   27.5   27.5   71.1   30.3   21.8   23.4 1009.40      30      581
2010-09-04 13:50:00    336923400  ***  ***    2.2    2.2    2.2   28.0   28.0   71.3   31.3   22.3   23.8 1009.40      30      599
2010-09-04 13:50:30    336923430  ***  ***    1.5    1.5    1.5   28.6   28.6   71.3   32.8   22.9   24.4 1009.40      30      622
2010-09-04 13:51:00    336923460  ***  ***    3.0    3.0    3.0   28.0   28.0   69.8   31.1   21.9   23.6 1009.40      30      597
2010-09-04 13:51:30    336923490  ***  ***    2.5    2.5    2.5   27.7   27.7   70.4   30.6   21.9   23.5 1009.30      31      590
2010-09-04 13:52:00    336923520  ***  ***    7.4    7.4    7.4   27.0   27.0   70.3   29.3   21.2   22.9 1009.30      31      561
2010-09-04 13:52:30    336923550  ***  ***    3.3    3.3    3.3   27.0   27.0   71.7   29.5   21.5   23.1 1009.30      31      564
2010-09-04 13:53:00    336923580  ***  ***    2.5    2.5    2.5   27.8   27.8   72.8   31.1   22.5   23.9 1009.30      31      596
2010-09-04 13:53:30    336923610  ***  ***    4.4    4.4    4.4   27.4   27.4   70.8   30.1   21.6   23.2 1009.30      31      576
2010-09-04 13:54:00    336923640  ***  ***    2.6    2.6    2.6   27.4   27.4   71.2   30.2   21.7   23.3 1009.30      31      576
2010-09-04 13:54:30    336923670  ***  ***    2.4    2.4    2.4   27.8   27.8   71.9   31.0   22.2   23.8 1009.30      31      593
2010-09-04 13:55:00    336923700  ***  ***    2.2    2.2    2.1   27.3   27.3   70.5   29.9   21.4   23.1 1009.30      31      571
2010-09-04 13:55:30    336923730  ***  ***    2.2    2.2    2.2   27.7   27.7   72.1   30.8   22.2   23.7 1009.30      31      589
2010-09-04 13:56:00    336923760  ***  ***    5.1    5.1    5.1   27.1   27.1   70.8   29.6   21.4   23.0 1009.30      31      565
2010-09-04 13:56:30    336923790  ***  ***    3.4    3.4    3.4   28.1   28.1   72.2   31.7   22.6   24.1 1009.30      31      607
2010-09-04 13:57:00    336923820  ***  ***    7.4    7.4    7.4   27.3   27.3   70.0   29.8   21.3   23.0 1009.30      31      570
2010-09-04 13:57:30    336923850  ***  ***    4.3    4.3    4.3   27.2   27.2   70.8   29.7   21.5   23.1 1009.30      31      571
2010-09-04 13:58:00    336923880  ***  ***    5.7    5.7    5.7   27.4   27.4   69.2   29.9   21.3   23.0 1009.30      31      575
2010-09-04 13:58:30    336923910  ***  ***    6.2    6.2    6.2   27.8   27.8   69.8   30.7   21.8   23.5 1009.30      30      592
2010-09-04 13:59:00    336923940  ***  ***    3.7    3.7    3.6   27.9   27.9   69.2   30.8   21.8   23.5 1009.30      30      595
2010-09-04 13:59:30    336923970  ***  ***    5.3    5.3    5.3   28.3   28.3   68.7   31.6   22.0   23.7 1009.30      31      610
2010-09-04 14:00:00    336924000  ***  ***    4.8    4.8    4.8   28.6   28.6   68.9   32.4   22.3   24.0 1009.40      30      619
2010-09-04 14:00:30    336924030  ***  ***    3.9    3.9    3.9   27.4   27.4   67.1   29.6   20.7   22.6 1009.30      31      571
2010-09-04 14:01:00    336924060  ***  ***    4.1    4.1    4.1   27.9   27.9   67.6   30.6   21.4   23.2 1009.30      30      592
2010-09-04 14:01:30    336924090  ***  ***    5.2    5.2    5.2   27.4   27.4   66.4   29.5   20.6   22.6 1009.40      30      570
2010-09-04 14:02:00    336924120  ***  ***    6.1    6.1    6.1   28.3   28.3   68.7   31.6   22.0   23.7 1009.40      30      608
2010-09-04 14:02:30    336924150  ***  ***    5.8    5.8    5.8   28.3   28.3   68.1   31.5   21.9   23.7 1009.40      30      608
2010-09-04 14:03:00    336924180  ***  ***    6.2    6.2    6.2   27.8   27.8   66.8   30.2   21.1   23.0 1009.40      30      586
2010-09-04 14:03:30    336924210  ***  ***    3.9    3.9    3.9   27.8   27.8   67.1   30.3   21.2   23.1 1009.30      30      588
2010-09-04 14:04:00    336924240  ***  ***    4.8    4.8    4.8   28.2   28.2   67.1   31.1   21.5   23.4 1009.40      30      600
2010-09-04 14:04:30    336924270  ***  ***    4.5    4.5    4.5   27.9   27.9   65.8   30.3   20.9   22.9 1009.40      30      589
2010-09-04 14:05:00    336924300  ***  ***    4.3    4.3    4.3   28.0   28.0   66.4   30.6   21.1   23.0 1009.40      30      591
2010-09-04 14:05:30    336924330  ***  ***    4.8    4.8    4.8   28.4   28.4   66.7   31.5   21.6   23.5 1009.40      30      610
2010-09-04 14:06:00    336924360  ***  ***    2.6    2.6    2.6   28.3   28.3   65.9   31.2   21.3   23.3 1009.30      30      604
2010-09-04 14:06:30    336924390  ***  ***    3.4    3.4    3.4   28.5   28.5   66.4   31.7   21.6   23.5 1009.30      30      613
2010-09-04 14:07:00    336924420  ***  ***    3.2    3.2    3.2   28.1   28.1   65.2   30.6   21.0   23.0 1009.40      30      596
2010-09-04 14:07:30    336924450  ***  ***    3.4    3.4    3.4   28.5   28.5   66.1   31.6   21.6   23.5 1009.30      31      613
2010-09-04 14:08:00    336924480  ***  ***    4.9    4.9    4.9   29.5   29.5   67.4   34.2   22.8   24.6 1009.30      30      654
2010-09-04 14:08:30    336924510  ***  ***    3.8    3.8    3.8   28.0   28.0   65.3   30.4   20.9   22.9 1009.30      31      593
2010-09-04 14:09:00    336924540  ***  ***    3.3    3.3    3.3   28.7   28.7   66.8   32.2   21.9   23.8 1009.30      30      622
2010-09-04 14:09:30    336924570  ***  ***    4.4    4.4    4.4   28.6   28.6   65.4   31.7   21.5   23.5 1009.30      30      615
2010-09-04 14:10:00    336924600  ***  ***    4.9    4.9    4.9   28.1   28.1   65.8   30.7   21.1   23.1 1009.30      31      597
2010-09-04 14:10:30    336924630  ***  ***    3.6    3.6    3.6   28.9   28.9   66.7   32.6   22.1   23.9 1009.30      30      632
2010-09-04 14:11:00    336924660  ***  ***    4.0    4.0    4.0   28.0   28.0   64.4   30.3   20.7   22.8 1009.40      30      590
2010-09-04 14:11:30    336924690  ***  ***    2.9    2.9    2.9   28.2   28.2   64.8   30.8   20.9   23.0 1009.30      30      599
2010-09-04 14:12:00    336924720  ***  ***    5.0    5.0    5.0   28.1   28.1   64.6   30.5   20.8   22.9 1009.40      30      595
2010-09-04 14:12:30    336924750  ***  ***    3.9    3.9    3.9   28.1   28.1   65.3   30.6   21.0   23.0 1009.30      31      595
2010-09-04 14:13:00    336924780  ***  ***    4.2    4.2    4.2   28.0   28.0   64.9   30.4   20.8   22.9 1009.30      31      592
2010-09-04 14:13:30    336924810  ***  ***    6.4    6.4    6.4   27.9   27.9   65.6   30.3   20.9   22.9 1009.40      30      589
2010-09-04 14:14:00    336924840  ***  ***    5.0    5.0    5.0   28.8   28.8   66.2   32.4   21.8   23.7 1009.30      30      624
2010-09-04 14:14:30    336924870  ***  ***    4.8    4.8    4.8   28.3   28.3   64.5   30.9   20.9   23.0 1009.30      30      602
2010-09-04 14:15:00    336924900  ***  ***    7.8    7.8    7.8   28.2   28.2   64.5   30.7   20.9   23.0 1009.40      30      598
2010-09-04 14:15:30    336924930  ***  ***    5.6    5.6    5.6   28.0   28.0   64.5   30.3   20.7   22.8 1009.30      30      592
2010-09-04 14:16:00    336924960  ***  ***    7.1    7.1    7.1   28.1   28.1   64.2   30.5   20.7   22.8 1009.40      30      592
2010-09-04 14:16:30    336924990  ***  ***    5.0    5.0    5.0   28.2   28.2   63.9   30.6   20.7   22.9 1009.40      30      596
2010-09-04 14:17:00    336925020  ***  ***    7.5    7.5    7.5   28.1   28.1   63.9   30.4   20.6   22.8 1009.40      30      592
2010-09-04 14:17:30    336925050  ***  ***    4.8    4.8    4.8   28.2   28.2   63.0   30.5   20.5   22.7 1009.40      30      595
2010-09-04 14:18:00    336925080  ***  ***    4.2    4.2    4.2   28.4   28.4   64.1   31.1   20.9   23.0 1009.30      30      605
2010-09-04 14:18:30    336925110  ***  ***    3.8    3.8    3.8   28.5   28.5   64.3   31.4   21.1   23.2 1009.40      30      609
2010-09-04 14:19:00    336925140  ***  ***    3.0    3.0    3.0   28.0   28.0   63.0   30.1   20.3   22.5 1009.40      30      588
2010-09-04 14:19:30    336925170  ***  ***    2.8    2.8    2.8   28.4   28.4   63.7   31.0   20.9   23.0 1009.40      30      606
2010-09-04 14:20:00    336925200  ***  ***    2.8    2.8    2.8   28.7   28.7   62.5   31.5   20.8   23.1 1009.40      30      614
2010-09-04 14:20:30    336925230  ***  ***    2.8    2.8    2.8   28.8   28.8   62.3   31.7   20.9   23.2 1009.50      29      617
2010-09-04 14:21:00    336925260  ***  ***    5.0    5.0    5.0   28.6   28.6   61.6   31.1   20.5   22.8 1009.50      29      609
2010-09-04 14:21:30    336925290  ***  ***    3.2    3.2    3.2   28.9   28.9   62.7   31.9   21.1   23.3 1009.40      30      624
2010-09-04 14:22:00    336925320  ***  ***    4.2    4.2    4.2   28.6   28.6   62.7   31.3   20.8   23.0 1009.40      30      611
2010-09-04 14:22:30    336925350  ***  ***    4.1    4.1    4.1   29.4   29.4   63.6   33.2   21.8   23.9 1009.40      30      645
2010-09-04 14:23:00    336925380  ***  ***    3.9    3.9    3.9   28.4   28.4   62.0   30.7   20.4   22.7 1009.40      30      602
2010-09-04 14:23:30    336925410  ***  ***    5.9    5.9    5.9   28.7   28.7   62.9   31.6   20.9   23.1 1009.50      29      613
2010-09-04 14:24:00    336925440  ***  ***    4.1    4.1    4.1   28.7   28.7   63.2   31.6   21.0   23.2 1009.40      30      614
2010-09-04 14:24:30    336925470  ***  ***    4.7    4.7    4.7   28.1   28.1   61.7   30.1   20.1   22.4 1009.40      30      591
2010-09-04 14:25:00    336925500  ***  ***    4.5    4.5    4.5   28.4   28.4   63.2   30.9   20.8   23.0 1009.50      29      603
2010-09-04 14:25:30    336925530  ***  ***    1.9    1.9    1.9   29.6   29.6   63.8   33.7   22.0   24.1 1009.50      29      651
2010-09-04 14:26:00    336925560  ***  ***    4.4    4.4    4.4   28.7   28.7   61.3   31.2   20.6   23.0 1009.50      29      613
2010-09-04 14:26:30    336925590  ***  ***    7.1    7.1    7.1   29.0   29.0   62.1   32.1   21.0   23.3 1009.50      29      625
2010-09-04 14:27:00    336925620  ***  ***    7.3    7.3    7.3   28.8   28.8   61.9   31.6   20.8   23.1 1009.60      29      616
2010-09-04 14:27:30    336925650  ***  ***    7.8    7.8    7.8   29.1   29.1   61.6   32.2   20.9   23.2 1009.60      29      626
2010-09-04 14:28:00    336925680  ***  ***    6.7    6.7    6.7   28.3   28.3   60.5   30.3   19.9   22.4 1009.50      29      594
2010-09-04 14:28:30    336925710  ***  ***    3.7    3.7    3.7   28.1   28.1   61.4   30.1   20.0   22.4 1009.50      29      587
2010-09-04 14:29:00    336925740  ***  ***    5.2    5.2    5.2   28.5   28.5   62.2   31.0   20.6   22.9 1009.50      29      605
2010-09-04 14:29:30    336925770  ***  ***    3.8    3.8    3.8   28.9   28.9   62.7   31.9   21.1   23.3 1009.50      29      624
2010-09-04 14:30:00    336925800  ***  ***    4.9    4.9    4.9   29.0   29.0   62.0   32.0   21.0   23.3 1009.50      29      626
2010-09-04 14:30:30    336925830  ***  ***    3.5    3.5    3.5   28.7   28.7   61.4   31.3   20.5   22.9 1009.50      29      611
2010-09-04 14:31:00    336925860  ***  ***    4.3    4.3    4.3   29.0   29.0   62.0   32.0   21.0   23.3 1009.50      29      625
2010-09-04 14:31:30    336925890  ***  ***    4.4    4.4    4.4   29.4   29.4   62.4   32.9   21.4   23.7 1009.60      28      639
2010-09-04 14:32:00    336925920  ***  ***    4.6    4.6    4.6   28.9   28.9   61.2   31.6   20.7   23.0 1009.60      29      619
2010-09-04 14:32:30    336925950  ***  ***    6.3    6.3    6.3   29.0   29.0   61.5   32.0   20.9   23.2 1009.60      29      624
2010-09-04 14:33:00    336925980  ***  ***    2.9    2.9    2.9   29.1   29.1   61.1   32.0   20.9   23.2 1009.50      29      628
2010-09-04 14:33:30    336926010  ***  ***    4.5    4.5    4.5   28.8   28.8   60.6   31.3   20.4   22.9 1009.60      28      614
2010-09-04 14:34:00    336926040  ***  ***    2.9    2.9    2.8   29.3   29.3   61.9   32.6   21.3   23.5 1009.60      28      637
2010-09-04 14:34:30    336926070  ***  ***    3.4    3.4    3.4   29.9   29.9   61.8   33.8   21.8   24.0 1009.50      29      661
2010-09-04 14:35:00    336926100  ***  ***    4.6    4.6    4.6   29.7   29.7   61.2   33.3   21.4   23.7 1009.60      28      649
2010-09-04 14:35:30    336926130  ***  ***    4.4    4.4    4.4   29.2   29.2   60.5   32.1   20.7   23.1 1009.60      28      628
2010-09-04 14:36:00    336926160  ***  ***    5.1    5.1    5.1   29.4   29.4   60.8   32.6   21.0   23.4 1009.60      29      637
2010-09-04 14:36:30    336926190  ***  ***    5.5    5.5    5.5   29.0   29.0   60.8   31.8   20.7   23.1 1009.60      28      623
2010-09-04 14:37:00    336926220  ***  ***    5.3    5.3    5.3   29.5   29.5   60.9   32.9   21.2   23.6 1009.60      28      642
2010-09-04 14:37:30    336926250  ***  ***    6.0    6.0    6.0   29.3   29.3   60.0   32.3   20.7   23.2 1009.60      29      632
2010-09-04 14:38:00    336926280  ***  ***    5.1    5.1    5.1   29.1   29.1   60.4   31.9   20.6   23.0 1009.60      28      624
2010-09-04 14:38:30    336926310  ***  ***    6.4    6.4    6.4   30.1   30.1   61.9   34.3   22.0   24.2 1009.60      28      667
2010-09-04 14:39:00    336926340  ***  ***    6.3    6.3    6.3   29.1   29.1   60.9   32.0   20.8   23.2 1009.60      29      628
2010-09-04 14:39:30    336926370  ***  ***    3.2    3.2    3.2   29.5   29.5   61.4   33.0   21.3   23.6 1009.60      28      641
2010-09-04 14:40:00    336926400  ***  ***    5.0    5.0    5.0   28.8   28.8   60.3   31.3   20.3   22.7 1009.70      27      611
2010-09-04 14:40:30    336926430  ***  ***    4.2    4.2    4.2   29.0   29.0   61.3   31.9   20.8   23.2 1009.60      28      622
2010-09-04 14:41:00    336926460  ***  ***    5.1    5.1    5.1   29.3   29.3   61.8   32.6   21.2   23.5 1009.70      27      633
2010-09-04 14:41:30    336926490  ***  ***    1.2    1.2    1.2   30.0   30.0   62.3   34.2   22.0   24.2 1009.60      28      663
2010-09-04 14:42:00    336926520  ***  ***    4.5    4.5    4.5   29.7   29.7   60.6   33.2   21.3   23.6 1009.60      28      651
2010-09-04 14:42:30    336926550  ***  ***    2.4    2.4    2.4   29.1   29.1   59.2   31.8   20.3   22.8 1009.60      28      622
2010-09-04 14:43:00    336926580  ***  ***    2.7    2.7    2.7   29.1   29.1   61.8   32.2   21.0   23.3 1009.50      29      630
2010-09-04 14:43:30    336926610  ***  ***    3.2    3.2    3.2   29.4   29.4   62.7   33.0   21.5   23.7 1009.60      29      641
2010-09-04 14:44:00    336926640  ***  ***    4.6    4.6    4.6   29.2   29.2   62.2   32.5   21.3   23.5 1009.60      28      633
2010-09-04 14:44:30    336926670  ***  ***    2.8    2.8    2.8   29.1   29.1   61.6   32.2   21.0   23.3 1009.60      29      627
2010-09-04 14:45:00    336926700  ***  ***    2.9    2.9    2.9   29.1   29.1   62.0   32.2   21.1   23.3 1009.60      29      626
2010-09-04 14:45:30    336926730  ***  ***    4.0    4.0    4.0   29.2   29.2   62.2   32.5   21.2   23.5 1009.60      28      632
2010-09-04 14:46:00    336926760  ***  ***    3.1    3.1    3.1   28.7   28.7   61.3   31.2   20.5   22.9 1009.70      28      610
2010-09-04 14:46:30    336926790  ***  ***    4.7    4.7    4.7   28.5   28.5   61.0   30.8   20.3   22.7 1009.60      28      603
2010-09-04 14:47:00    336926820  ***  ***    4.7    4.7    4.7   29.0   29.0   62.6   32.1   21.1   23.3 1009.60      28      625
2010-09-04 14:47:30    336926850  ***  ***    4.8    4.8    4.8   29.9   29.9   62.8   34.1   22.0   24.1 1009.60      29      660
2010-09-04 14:48:00    336926880  ***  ***    3.7    3.7    3.7   28.9   28.9   60.8   31.6   20.5   22.9 1009.60      28      617
2010-09-04 14:48:30    336926910  ***  ***    2.3    2.3    2.2   29.5   29.5   61.9   33.1   21.4   23.7 1009.70      28      642
2010-09-04 14:49:00    336926940  ***  ***    4.8    4.8    4.8   29.4   29.4   60.4   32.5   20.9   23.3 1009.60      28      635
2010-09-04 14:49:30    336926970  ***  ***    6.4    6.4    6.4   29.1   29.1   60.2   31.9   20.6   23.0 1009.60      28      626
2010-09-04 14:50:00    336927000  ***  ***    5.2    5.2    5.2   29.6   29.6   61.1   33.1   21.3   23.6 1009.60      28      646
2010-09-04 14:50:30    336927030  ***  ***    3.5    3.5    3.5   29.2   29.2   58.6   31.8   20.2   22.8 1009.60      29      625
2010-09-04 14:51:00    336927060  ***  ***    1.3    1.3    1.3   30.4   30.4   60.8   34.7   21.9   24.2 1009.50      29      677
2010-09-04 14:51:30    336927090  ***  ***    6.1    6.1    6.1   30.3   30.3   59.3   34.2   21.4   23.9 1009.60      29      670
2010-09-04 14:52:00    336927120  ***  ***    6.9    6.9    6.9   29.7   29.7   58.7   32.9   20.7   23.3 1009.60      28      647
2010-09-04 14:52:30    336927150  ***  ***    6.0    6.0    6.0   29.9   29.9   60.4   33.6   21.4   23.8 1009.60      28      657
2010-09-04 14:53:00    336927180  ***  ***    4.9    4.9    4.9   29.3   29.3   59.5   32.2   20.6   23.1 1009.60      29      632
2010-09-04 14:53:30    336927210  ***  ***    5.6    5.6    5.6   29.4   29.4   60.1   32.5   20.8   23.3 1009.50      29      638
2010-09-04 14:54:00    336927240  ***  ***    4.8    4.8    4.8   29.8   29.8   60.0   33.3   21.2   23.6 1009.50      29      653
2010-09-04 14:54:30    336927270  ***  ***    5.1    5.1    5.1   29.9   29.9   60.5   33.6   21.4   23.8 1009.60      28      657
2010-09-04 14:55:00    336927300  ***  ***    3.9    3.9    3.9   28.8   28.8   58.8   31.1   19.9   22.5 1009.60      29      611
2010-09-04 14:55:30    336927330  ***  ***    9.5    9.5    9.5   29.4   29.4   59.7   32.4   20.7   23.2 1009.70      28      635
2010-09-04 14:56:00    336927360  ***  ***    4.2    4.2    4.2   29.4   29.4   58.8   32.3   20.5   23.0 1009.60      28      633
2010-09-04 14:56:30    336927390  ***  ***    5.4    5.4    5.4   28.9   28.9   58.0   31.1   19.8   22.5 1009.60      28      613
2010-09-04 14:57:00    336927420  ***  ***    4.7    4.7    4.7   29.0   29.0   58.7   31.5   20.1   22.7 1009.60      28      621
2010-09-04 14:57:30    336927450  ***  ***    4.1    4.1    4.1   30.3   30.3   61.2   34.6   22.0   24.2 1009.60      28      675
2010-09-04 14:58:00    336927480  ***  ***    6.6    6.6    6.6   29.2   29.2   58.3   31.8   20.2   22.8 1009.60      28      626
2010-09-04 14:58:30    336927510  ***  ***    6.6    6.6    6.6   29.4   29.4   59.2   32.4   20.6   23.1 1009.70      27      633
2010-09-04 14:59:00    336927540  ***  ***    5.3    5.3    5.3   29.1   29.1   58.5   31.6   20.1   22.7 1009.70      27      622
2010-09-04 14:59:30    336927570  ***  ***    4.9    4.9    4.9   30.2   30.2   60.2   34.1   21.7   24.1 1009.70      28      668
2010-09-04 15:00:00    336927600  ***  ***    6.0    6.0    6.0   29.0   29.0   58.8   31.5   20.2   22.8 1009.70      27      619
2010-09-04 15:00:30    336927630  ***  ***    3.3    3.3    3.3   29.3   29.3   60.3   32.3   20.8   23.2 1009.70      27      632
2010-09-04 15:01:00    336927660  ***  ***    5.1    5.1    5.1   29.8   29.8   60.8   33.5   21.4   23.7 1009.70      27      653
2010-09-04 15:01:30    336927690  ***  ***    5.0    5.0    5.0   29.4   29.4   59.3   32.4   20.6   23.1 1009.80      27      632
2010-09-04 15:02:00    336927720  ***  ***    4.7    4.7    4.7   29.7   29.7   60.1   33.1   21.2   23.6 1009.70      27      648
2010-09-04 15:02:30    336927750  ***  ***    4.1    4.1    4.1   29.5   29.5   59.0   32.5   20.6   23.2 1009.70      27      637
2010-09-04 15:03:00    336927780  ***  ***    6.2    6.2    6.2   29.3   29.3   56.9   31.8   19.8   22.6 1009.70      27      625
2010-09-04 15:03:30    336927810  ***  ***    3.5    3.5    3.5   29.7   29.7   59.4   33.0   21.0   23.5 1009.70      27      647
2010-09-04 15:04:00    336927840  ***  ***    3.1    3.1    3.1   30.0   30.0   59.1   33.5   21.1   23.6 1009.70      28      656
2010-09-04 15:04:30    336927870  ***  ***    2.4    2.4    2.4   29.7   29.7   58.9   32.9   20.8   23.3 1009.70      27      646
2010-09-04 15:05:00    336927900  ***  ***    4.6    4.6    4.6   30.4   30.4   59.2   34.4   21.6   24.0 1009.70      27      674
2010-09-04 15:05:30    336927930  ***  ***    3.6    3.6    3.6   29.7   29.7   57.2   32.5   20.3   23.0 1009.70      28      641
2010-09-04 15:06:00    336927960  ***  ***    5.7    5.7    5.6   29.9   29.9   57.7   33.0   20.7   23.3 1009.70      27      653
2010-09-04 15:06:30    336927990  ***  ***    7.0    7.0    7.0   30.1   30.1   57.8   33.5   20.9   23.5 1009.70      27      661
2010-09-04 15:07:00    336928020  ***  ***    7.1    7.1    7.1   29.5   29.5   56.1   32.0   19.8   22.6 1009.70      27      633
2010-09-04 15:07:30    336928050  ***  ***    5.7    5.7    5.6   29.6   29.6   56.0   32.2   19.9   22.7 1009.70      27      635
2010-09-04 15:08:00    336928080  ***  ***    4.3    4.3    4.3   29.8   29.8   57.0   32.7   20.4   23.1 1009.70      27      648
2010-09-04 15:08:30    336928110  ***  ***    6.0    6.0    6.0   30.1   30.1   56.7   33.2   20.6   23.3 1009.70      27      659
2010-09-04 15:09:00    336928140  ***  ***    6.3    6.3    6.3   29.8   29.8   55.9   32.5   20.1   22.9 1009.80      27      645
2010-09-04 15:09:30    336928170  ***  ***    4.0    4.0    4.0   29.3   29.3   56.2   31.6   19.6   22.5 1009.80      27      624
2010-09-04 15:10:00    336928200  ***  ***    4.8    4.8    4.8   30.1   30.1   58.2   33.6   21.0   23.6 1009.80      26      659
2010-09-04 15:10:30    336928230  ***  ***    5.9    5.9    5.9   29.7   29.7   57.5   32.6   20.4   23.1 1009.80      27      643
2010-09-04 15:11:00    336928260  ***  ***    4.6    4.6    4.6   30.0   30.0   57.7   33.2   20.8   23.4 1009.80      26      656
2010-09-04 15:11:30    336928290  ***  ***    5.9    5.9    5.9   30.1   30.1   56.8   33.2   20.6   23.3 1009.80      27      657
2010-09-04 15:12:00    336928320  ***  ***    5.2    5.2    5.2   29.7   29.7   57.2   32.5   20.3   23.0 1009.70      27      642
2010-09-04 15:12:30    336928350  ***  ***    4.3    4.3    4.2   29.3   29.3   57.5   31.9   20.1   22.8 1009.80      27      629
2010-09-04 15:13:00    336928380  ***  ***    5.7    5.7    5.7   30.1   30.1   59.1   33.7   21.2   23.7 1009.70      27      660
2010-09-04 15:13:30    336928410  ***  ***    4.3    4.3    4.3   30.0   30.0   58.0   33.3   20.9   23.5 1009.70      27      657
2010-09-04 15:14:00    336928440  ***  ***    7.6    7.6    7.6   29.8   29.8   57.1   32.7   20.4   23.1 1009.70      27      646
2010-09-04 15:14:30    336928470  ***  ***    5.8    5.8    5.8   29.8   29.8   57.5   32.8   20.5   23.2 1009.70      27      645
2010-09-04 15:15:00    336928500  ***  ***    4.9    4.9    4.9   29.7   29.7   57.5   32.6   20.4   23.1 1009.70      27      642
2010-09-04 15:15:30    336928530  ***  ***    2.2    2.2    2.2   30.4   30.4   58.0   34.1   21.2   23.8 1009.70      27      670
2010-09-04 15:16:00    336928560  ***  ***    7.3    7.3    7.3   29.8   29.8   57.1   32.7   20.4   23.1 1009.80      27      645
2010-09-04 15:16:30    336928590  ***  ***    2.2    2.2    2.2   30.0   30.0   57.7   33.2   20.7   23.3 1009.70      27      654
2010-09-04 15:17:00    336928620  ***  ***    4.5    4.5    4.5   30.6   30.6   58.1   34.5   21.4   23.9 1009.70      27      678
2010-09-04 15:17:30    336928650  ***  ***    3.6    3.6    3.6   30.1   30.1   57.3   33.4   20.7   23.4 1009.70      27      657
2010-09-04 15:18:00    336928680  ***  ***    4.0    4.0    4.0   29.9   29.9   57.6   33.0   20.6   23.3 1009.70      27      652
2010-09-04 15:18:30    336928710  ***  ***    3.1    3.1    3.1   30.1   30.1   57.8   33.5   20.9   23.5 1009.80      27      661
2010-09-04 15:19:00    336928740  ***  ***    5.8    5.8    5.8   30.7   30.7   58.9   34.9   21.8   24.2 1009.80      27      687
2010-09-04 15:19:30    336928770  ***  ***    3.7    3.7    3.7   30.1   30.1   57.3   33.4   20.7   23.4 1009.80      27      657
2010-09-04 15:20:00    336928800  ***  ***    3.3    3.3    3.3   31.2   31.2   58.8   35.9   22.1   24.6 1009.80      27      703
2010-09-04 15:20:30    336928830  ***  ***    4.3    4.3    4.3   30.9   30.9   55.6   34.6   21.0   23.8 1009.80      27      688
2010-09-04 15:21:00    336928860  ***  ***    5.3    5.3    5.3   31.5   31.5   56.3   36.0   21.8   24.4 1009.70      27      713
2010-09-04 15:21:30    336928890  ***  ***    2.2    2.2    2.2   31.2   31.2   56.1   35.3   21.4   24.1 1009.80      27      699
2010-09-04 15:22:00    336928920  ***  ***    3.7    3.7    3.7   30.3   30.3   53.9   33.1   19.9   22.9 1009.80      26      660
2010-09-04 15:22:30    336928950  ***  ***    6.4    6.4    6.4   32.1   32.1   58.1   38.0   22.8   25.2 1009.80      26      739
2010-09-04 15:23:00    336928980  ***  ***    4.3    4.3    4.3   29.8   29.8   53.6   32.1   19.4   22.5 1009.80      27      643
2010-09-04 15:23:30    336929010  ***  ***    5.3    5.3    5.3   31.0   31.0   56.3   34.9   21.3   24.0 1009.80      27      693
2010-09-04 15:24:00    336929040  ***  ***    6.1    6.1    6.1   31.2   31.2   56.5   35.4   21.6   24.2 1009.80      26      701
2010-09-04 15:24:30    336929070  ***  ***    6.2    6.2    6.2   29.9   29.9   54.5   32.4   19.7   22.7 1009.70      27      646
2010-09-04 15:25:00    336929100  ***  ***    5.9    5.9    5.9   31.2   31.2   56.8   35.4   21.6   24.2 1009.80      27      702
2010-09-04 15:25:30    336929130  ***  ***    3.2    3.2    3.2   30.5   30.5   55.5   33.8   20.6   23.4 1009.80      27      674
2010-09-04 15:26:00    336929160  ***  ***    4.7    4.7    4.7   30.4   30.4   55.8   33.6   20.6   23.4 1009.80      26      667
2010-09-04 15:26:30    336929190  ***  ***    5.4    5.4    5.3   30.9   30.9   56.0   34.7   21.1   23.8 1009.70      27      686
2010-09-04 15:27:00    336929220  ***  ***    4.9    4.9    4.9   30.9   30.9   54.6   34.4   20.7   23.6 1009.80      27      686
2010-09-04 15:27:30    336929250  ***  ***    4.9    4.9    4.9   30.2   30.2   53.7   32.9   19.8   22.8 1009.70      27      658
2010-09-04 15:28:00    336929280  ***  ***    6.2    6.2    6.2   29.8   29.8   54.7   32.3   19.7   22.7 1009.70      27      644
2010-09-04 15:28:30    336929310  ***  ***    7.2    7.2    7.2   29.9   29.9   55.8   32.7   20.1   22.9 1009.70      27      648
2010-09-04 15:29:00    336929340  ***  ***    4.5    4.5    4.5   30.3   30.3   56.2   33.5   20.7   23.4 1009.70      27      666
2010-09-04 15:29:30    336929370  ***  ***    3.7    3.7    3.7   30.9   30.9   55.3   34.5   20.9   23.7 1009.80      27      686
2010-09-04 15:30:00    336929400  ***  ***    4.9    4.9    4.9   30.6   30.6   54.1   33.7   20.3   23.3 1009.80      27      673
2010-09-04 15:30:30    336929430  ***  ***    4.1    4.1    4.1   30.8   30.8   54.1   34.1   20.4   23.4 1009.80      27      679
2010-09-04 15:31:00    336929460  ***  ***    1.8    1.8    1.8   30.8   30.8   55.6   34.4   20.9   23.7 1009.80      27      683
2010-09-04 15:31:30    336929490  ***  ***    5.8    5.8    5.8   29.9   29.9   54.5   32.4   19.7   22.7 1009.80      26      644
2010-09-04 15:32:00    336929520  ***  ***    3.9    3.9    3.9   30.0   30.0   55.3   32.8   20.1   23.0 1009.80      27      651
2010-09-04 15:32:30    336929550  ***  ***    1.4    1.4    1.4   30.7   30.7   55.2   34.1   20.7   23.5 1009.70      27      678
2010-09-04 15:33:00    336929580  ***  ***    7.2    7.2    7.2   30.1   30.1   54.2   32.8   19.8   22.8 1009.70      27      652
2010-09-04 15:33:30    336929610  ***  ***    3.0    3.0    3.0   30.2   30.2   55.1   33.2   20.2   23.1 1009.70      27      658
2010-09-04 15:34:00    336929640  ***  ***    8.0    8.0    7.9   30.1   30.1   55.6   33.0   20.2   23.1 1009.70      27      655
2010-09-04 15:34:30    336929670  ***  ***    5.4    5.4    5.4   29.8   29.8   55.1   32.4   19.8   22.7 1009.70      28      642
2010-09-04 15:35:00    336929700  ***  ***    4.7    4.7    4.7   29.8   29.8   55.6   32.5   19.9   22.8 1009.60      28      645
2010-09-04 15:35:30    336929730  ***  ***    2.7    2.7    2.7   29.9   29.9   56.2   32.8   20.2   23.0 1009.60      28      648
2010-09-04 15:36:00    336929760  ***  ***    3.5    3.5    3.5   29.7   29.7   56.4   32.4   20.1   22.9 1009.60      28      642
2010-09-04 15:36:30    336929790  ***  ***    4.5    4.5    4.5   29.8   29.8   57.3   32.8   20.4   23.1 1009.60      28      648
2010-09-04 15:37:00    336929820  ***  ***    3.8    3.8    3.8   29.7   29.7   57.4   32.6   20.4   23.1 1009.50      29      645
2010-09-04 15:37:30    336929850  ***  ***    3.3    3.3    3.3   30.3   30.3   58.4   34.0   21.2   23.7 1009.50      29      670
2010-09-04 15:38:00    336929880  ***  ***    4.5    4.5    4.5   30.0   30.0   58.0   33.3   20.8   23.4 1009.60      28      656
2010-09-04 15:38:30    336929910  ***  ***    3.3    3.3    3.3   29.9   29.9   58.0   33.1   20.8   23.4 1009.60      29      654
2010-09-04 15:39:00    336929940  ***  ***    2.8    2.8    2.8   29.9   29.9   57.2   32.9   20.5   23.2 1009.60      29      651
2010-09-04 15:39:30    336929970  ***  ***    2.2    2.2    2.1   30.9   30.9   58.8   35.3   21.9   24.3 1009.60      28      693
2010-09-04 15:40:00    336930000  ***  ***    1.6    1.6    1.6   31.2   31.2   57.6   35.6   21.8   24.3 1009.60      29      703
2010-09-04 15:40:30    336930030  ***  ***    2.0    2.0    2.0   31.1   31.1   56.7   35.2   21.5   24.2 1009.50      29      699
2010-09-04 15:41:00    336930060  ***  ***    2.6    2.6    2.6   31.1   31.1   56.9   35.3   21.5   24.2 1009.50      29      700
2010-09-04 15:41:30    336930090  ***  ***    3.0    3.0    3.0   30.6   30.6   55.2   33.9   20.6   23.5 1009.60      29      675
2010-09-04 15:42:00    336930120  ***  ***    6.2    6.2    6.2   30.3   30.3   55.7   33.4   20.5   23.3 1009.50      29      667
2010-09-04 15:42:30    336930150  ***  ***    4.5    4.5    4.5   30.4   30.4   56.4   33.8   20.8   23.5 1009.50      29      672
2010-09-04 15:43:00    336930180  ***  ***    3.5    3.5    3.5   31.2   31.2   56.7   35.4   21.6   24.2 1009.60      28      704
2010-09-04 15:43:30    336930210  ***  ***    4.9    4.9    4.9   30.9   30.9   55.0   34.5   20.8   23.7 1009.60      28      686
2010-09-04 15:44:00    336930240  ***  ***    4.4    4.4    4.4   30.3   30.3   53.8   33.1   19.9   22.9 1009.70      28      663
2010-09-04 15:44:30    336930270  ***  ***    3.8    3.8    3.8   30.6   30.6   53.6   33.5   20.1   23.1 1009.50      29      674
2010-09-04 15:45:00    336930300  ***  ***    3.6    3.6    3.6   31.1   31.1   54.5   34.7   20.8   23.7 1009.50      29      696
2010-09-04 15:45:30    336930330  ***  ***    4.2    4.2    4.2   32.0   32.0   54.1   36.7   21.5   24.4 1009.60      28      728
2010-09-04 15:46:00    336930360  ***  ***    4.9    4.9    4.9   31.7   31.7   52.7   35.6   20.8   23.9 1009.60      29      715
2010-09-04 15:46:30    336930390  ***  ***    5.9    5.9    5.9   30.3   30.3   51.6   32.6   19.2   22.5 1009.60      28      657
2010-09-04 15:47:00    336930420  ***  ***    5.8    5.8    5.8   31.5   31.5   54.2   35.6   21.1   24.0 1009.60      28      708
2010-09-04 15:47:30    336930450  ***  ***    6.5    6.5    6.5   31.0   31.0   53.1   34.2   20.3   23.3 1009.60      29      686
2010-09-04 15:48:00    336930480  ***  ***    6.9    6.9    6.9   30.8   30.8   53.2   33.9   20.2   23.3 1009.60      29      680
2010-09-04 15:48:30    336930510  ***  ***    5.5    5.5    5.5   30.3   30.3   54.3   33.2   20.0   23.0 1009.60      29      660
2010-09-04 15:49:00    336930540  ***  ***    2.5    2.5    2.5   30.5   30.5   55.1   33.7   20.5   23.3 1009.60      28      671
2010-09-04 15:49:30    336930570  ***  ***    4.6    4.6    4.6   30.9   30.9   55.9   34.6   21.1   23.8 1009.60      29      688
2010-09-04 15:50:00    336930600  ***  ***    8.2    8.2    8.2   29.9   29.9   55.2   32.6   19.9   22.8 1009.50      29      648
2010-09-04 15:50:30    336930630  ***  ***    6.5    6.5    6.5   30.0   30.0   56.5   33.0   20.4   23.2 1009.60      29      655
2010-09-04 15:51:00    336930660  ***  ***    3.2    3.2    3.2   30.6   30.6   57.0   34.3   21.1   23.7 1009.60      29      680
2010-09-04 15:51:30    336930690  ***  ***    6.6    6.6    6.6   30.0   30.0   56.1   33.0   20.3   23.1 1009.50      29      655
2010-09-04 15:52:00    336930720  ***  ***    5.5    5.5    5.5   29.9   29.9   56.3   32.8   20.3   23.1 1009.50      29      651
2010-09-04 15:52:30    336930750  ***  ***    5.3    5.3    5.3   29.7   29.7   56.2   32.4   20.0   22.8 1009.50      29      642
2010-09-04 15:53:00    336930780  ***  ***    2.2    2.2    2.2   30.3   30.3   57.3   33.8   20.9   23.5 1009.50      29      668
2010-09-04 15:53:30    336930810  ***  ***    2.4    2.4    2.4   30.1   30.1   55.8   33.0   20.3   23.1 1009.60      28      657
2010-09-04 15:54:00    336930840  ***  ***    4.9    4.9    4.9   31.2   31.2   57.0   35.5   21.7   24.3 1009.60      28      704
2010-09-04 15:54:30    336930870  ***  ***    3.2    3.2    3.2   30.5   30.5   55.1   33.7   20.5   23.3 1009.50      29      674
2010-09-04 15:55:00    336930900  ***  ***    3.9    3.9    3.9   29.9   29.9   54.6   32.5   19.7   22.7 1009.50      29      648
2010-09-04 15:55:30    336930930  ***  ***    7.7    7.7    7.7   30.1   30.1   56.0   33.1   20.4   23.2 1009.50      29      660
2010-09-04 15:56:00    336930960  ***  ***    5.3    5.3    5.3   29.5   29.5   54.8   31.8   19.4   22.4 1009.50      29      633
2010-09-04 15:56:30    336930990  ***  ***    4.8    4.8    4.8   29.9   29.9   56.0   32.8   20.2   23.0 1009.50      29      651
2010-09-04 15:57:00    336931020  ***  ***    3.1    3.1    3.1   29.8   29.8   55.8   32.5   20.0   22.9 1009.40      30      647
2010-09-04 15:57:30    336931050  ***  ***    4.2    4.2    4.2   29.6   29.6   56.0   32.2   19.9   22.7 1009.50      29      639
2010-09-04 15:58:00    336931080  ***  ***    5.3    5.3    5.3   30.1   30.1   56.7   33.2   20.5   23.2 1009.50      29      660
2010-09-04 15:58:30    336931110  ***  ***    6.9    6.9    6.9   29.6   29.6   55.4   32.0   19.8   22.7 1009.40      30      640
2010-09-04 15:59:00    336931140  ***  ***    5.0    5.0    5.0   29.9   29.9   56.1   32.8   20.2   23.0 1009.50      29      651
2010-09-04 15:59:30    336931170  ***  ***    5.8    5.8    5.8   30.7   30.7   57.0   34.5   21.2   23.8 1009.50      29      685
2010-09-04 16:00:00    336931200  ***  ***    6.0    6.0    6.0   29.8   29.8   54.2   32.3   19.6   22.6 1009.40      30      645
2010-09-04 16:00:30    336931230  ***  ***    3.9    3.9    3.9   30.2   30.2   55.0   33.2   20.2   23.1 1009.40      30      661
2010-09-04 16:01:00    336931260  ***  ***    1.7    1.7    1.7   30.6   30.6   55.0   33.9   20.6   23.5 1009.50      29      677
2010-09-04 16:01:30    336931290  ***  ***    5.5    5.5    5.5   31.2   31.2   54.1   34.9   20.8   23.7 1009.50      29      698
2010-09-04 16:02:00    336931320  ***  ***    4.5    4.5    4.5   31.6   31.6   53.9   35.7   21.1   24.0 1009.40      30      715
2010-09-04 16:02:30    336931350  ***  ***    4.7    4.7    4.7   30.4   30.4   52.0   32.9   19.4   22.6 1009.40      30      664
2010-09-04 16:03:00    336931380  ***  ***    3.4    3.4    3.4   32.0   32.0   55.3   37.0   21.9   24.7 1009.30      30      733
2010-09-04 16:03:30    336931410  ***  ***    5.9    5.9    5.9   30.5   30.5   51.6   33.0   19.4   22.7 1009.30      30      668
2010-09-04 16:04:00    336931440  ***  ***    4.3    4.3    4.3   30.8   30.8   53.3   33.9   20.2   23.3 1009.40      30      683
2010-09-04 16:04:30    336931470  ***  ***    5.0    5.0    5.0   30.9   30.9   53.8   34.2   20.5   23.4 1009.40      30      688
2010-09-04 16:05:00    336931500  ***  ***    4.6    4.6    4.6   31.4   31.4   54.1   35.3   21.0   23.9 1009.30      30      708
2010-09-04 16:05:30    336931530  ***  ***    2.9    2.9    2.9   30.8   30.8   53.6   33.9   20.3   23.3 1009.40      30      683
2010-09-04 16:06:00    336931560  ***  ***    4.9    4.9    4.9   30.5   30.5   53.1   33.3   19.9   23.0 1009.30      30      671
2010-09-04 16:06:30    336931590  ***  ***    5.7    5.7    5.7   30.5   30.5   53.5   33.4   20.0   23.0 1009.30      31      672
2010-09-04 16:07:00    336931620  ***  ***    0.8    0.8    0.8   31.4   31.4   53.4   35.1   20.8   23.8 1009.30      31      706
2010-09-04 16:07:30    336931650  ***  ***    4.9    4.9    4.9   31.2   31.2   52.8   34.6   20.4   23.5 1009.30      31      697
2010-09-04 16:08:00    336931680  ***  ***    4.2    4.2    4.2   31.0   31.0   52.8   34.2   20.3   23.3 1009.30      30      691
2010-09-04 16:08:30    336931710  ***  ***    2.4    2.4    2.4   30.8   30.8   52.4   33.7   19.9   23.0 1009.20      32      683
2010-09-04 16:09:00    336931740  ***  ***    2.3    2.3    2.3   32.2   32.2   54.3   37.2   21.8   24.6 1009.40      30      739
2010-09-04 16:09:30    336931770  ***  ***    5.2    5.2    5.2   30.9   30.9   51.6   33.7   19.8   23.0 1009.30      31      685
2010-09-04 16:10:00    336931800  ***  ***    5.2    5.2    5.2   32.5   32.5   54.3   37.9   22.0   24.8 1009.30      31      750
2010-09-04 16:10:30    336931830  ***  ***    7.4    7.4    7.4   31.7   31.7   51.0   35.3   20.3   23.5 1009.30      31      715
2010-09-04 16:11:00    336931860  ***  ***    3.7    3.7    3.7   31.1   31.1   51.5   34.1   19.9   23.1 1009.20      31      693
2010-09-04 16:11:30    336931890  ***  ***    6.4    6.4    6.4   31.5   31.5   52.6   35.2   20.6   23.7 1009.30      31      711
2010-09-04 16:12:00    336931920  ***  ***    4.8    4.8    4.8   30.8   30.8   52.7   33.7   20.0   23.1 1009.30      31      681
2010-09-04 16:12:30    336931950  ***  ***    5.7    5.7    5.7   30.4   30.4   52.2   32.9   19.5   22.7 1009.30      31      667
2010-09-04 16:13:00    336931980  ***  ***    9.4    9.4    9.4   31.0   31.0   53.1   34.2   20.3   23.3 1009.30      31      691
2010-09-04 16:13:30    336932010  ***  ***    6.7    6.7    6.7   30.9   30.9   53.4   34.1   20.4   23.4 1009.30      31      687
2010-09-04 16:14:00    336932040  ***  ***    7.4    7.4    7.4   30.8   30.8   53.2   33.9   20.1   23.2 1009.30      31      681
2010-09-04 16:14:30    336932070  ***  ***    5.4    5.4    5.4   31.0   31.0   53.0   34.2   20.3   23.3 1009.20      32      692
2010-09-04 16:15:00    336932100  ***  ***    4.7    4.7    4.7   31.5   31.5   53.6   35.4   20.9   23.8 1009.30      31      713
2010-09-04 16:15:30    336932130  ***  ***    7.0    7.0    7.0   31.2   31.2   52.4   34.5   20.3   23.4 1009.30      31      697
2010-09-04 16:16:00    336932160  ***  ***    6.5    6.5    6.5   31.3   31.3   53.5   34.9   20.8   23.8 1009.30      31      707
2010-09-04 16:16:30    336932190  ***  ***    3.8    3.8    3.8   30.6   30.6   52.3   33.3   19.7   22.9 1009.20      32      673
2010-09-04 16:17:00    336932220  ***  ***    7.0    7.0    7.0   30.8   30.8   53.2   33.9   20.1   23.2 1009.20      31      683
2010-09-04 16:17:30    336932250  ***  ***    5.0    5.0    5.0   30.9   30.9   53.5   34.1   20.4   23.4 1009.20      32      691
2010-09-04 16:18:00    336932280  ***  ***    2.8    2.8    2.8   31.1   31.1   54.2   34.7   20.8   23.7 1009.20      32      699
2010-09-04 16:18:30    336932310  ***  ***    3.0    3.0    3.0   31.4   31.4   54.5   35.4   21.1   23.9 1009.30      31      710
2010-09-04 16:19:00    336932340  ***  ***    4.9    4.9    4.9   30.7   30.7   53.8   33.8   20.3   23.3 1009.20      32      683
2010-09-04 16:19:30    336932370  ***  ***    5.8    5.8    5.8   30.6   30.6   54.0   33.6   20.3   23.3 1009.20      32      679
2010-09-04 16:20:00    336932400  ***  ***    3.0    3.0    3.0   30.9   30.9   54.2   34.3   20.5   23.4 1009.20      32      689
2010-09-04 16:20:30    336932430  ***  ***    2.9    2.9    2.9   31.4   31.4   54.2   35.3   21.0   23.9 1009.30      31      709
2010-09-04 16:21:00    336932460  ***  ***    2.6    2.6    2.6   31.3   31.3   54.2   35.1   20.9   23.8 1009.30      31      703
2010-09-04 16:21:30    336932490  ***  ***    6.0    6.0    6.0   31.7   31.7   54.0   35.9   21.3   24.2 1009.30      31      721
2010-09-04 16:22:00    336932520  ***  ***    4.5    4.5    4.5   31.7   31.7   53.4   35.8   21.1   24.0 1009.30      31      718
2010-09-04 16:22:30    336932550  ***  ***    6.0    6.0    6.0   31.1   31.1   51.5   34.1   19.9   23.1 1009.30      31      690
2010-09-04 16:23:00    336932580  ***  ***    7.1    7.1    7.1   30.5   30.5   51.0   32.9   19.2   22.6 1009.30      31      667
2010-09-04 16:23:30    336932610  ***  ***    4.3    4.3    4.3   30.8   30.8   52.8   33.8   20.1   23.2 1009.30      31      683
2010-09-04 16:24:00    336932640  ***  ***    3.9    3.9    3.9   31.1   31.1   52.9   34.4   20.4   23.5 1009.30      31      695
2010-09-04 16:24:30    336932670  ***  ***    4.0    4.0    4.0   30.9   30.9   52.0   33.8   19.9   23.1 1009.30      31      686
2010-09-04 16:25:00    336932700  ***  ***    4.9    4.9    4.9   30.8   30.8   52.0   33.6   19.8   23.0 1009.20      31      683
2010-09-04 16:25:30    336932730  ***  ***    5.6    5.6    5.6   31.5   31.5   52.9   35.3   20.7   23.7 1009.30      31      710
2010-09-04 16:26:00    336932760  ***  ***    7.8    7.8    7.8   30.7   30.7   52.5   33.5   19.9   23.0 1009.30      31      678
2010-09-04 16:26:30    336932790  ***  ***    4.6    4.6    4.6   31.3   31.3   53.9   35.0   20.8   23.8 1009.30      31      705
2010-09-04 16:27:00    336932820  ***  ***    5.7    5.7    5.7   30.6   30.6   52.3   33.3   19.7   22.9 1009.30      31      674
2010-09-04 16:27:30    336932850  ***  ***    5.1    5.1    5.1   31.3   31.3   53.6   34.9   20.8   23.8 1009.30      31      704
2010-09-04 16:28:00    336932880  ***  ***    4.9    4.9    4.9   30.7   30.7   51.8   33.4   19.6   22.8 1009.30      30      677
2010-09-04 16:28:30    336932910  ***  ***    4.9    4.9    4.9   31.4   31.4   53.0   35.0   20.7   23.7 1009.30      31      706
2010-09-04 16:29:00    336932940  ***  ***    2.0    2.0    2.0   32.0   32.0   53.5   36.5   21.4   24.3 1009.30      31      729
2010-09-04 16:29:30    336932970  ***  ***    4.0    4.0    4.0   32.6   32.6   52.3   37.6   21.5   24.6 1009.30      31      750
2010-09-04 16:30:00    336933000  ***  ***    3.1    3.1    3.1   32.5   32.5   52.1   37.3   21.4   24.4 1009.30      31      747
2010-09-04 16:30:30    336933030  ***  ***    3.4    3.4    3.4   31.7   31.7   50.9   35.2   20.3   23.5 1009.30      30      714
2010-09-04 16:31:00    336933060  ***  ***    6.2    6.2    6.2   31.9   31.9   51.7   35.8   20.7   23.8 1009.30      31      724
2010-09-04 16:31:30    336933090  ***  ***    5.5    5.5    5.5   30.9   30.9   51.4   33.7   19.7   23.0 1009.30      30      684
2010-09-04 16:32:00    336933120  ***  ***    4.2    4.2    4.2   31.0   31.0   53.5   34.3   20.5   23.5 1009.30      31      692
2010-09-04 16:32:30    336933150  ***  ***    4.5    4.5    4.5   31.0   31.0   52.2   34.0   20.1   23.2 1009.30      31      691
2010-09-04 16:33:00    336933180  ***  ***    8.7    8.7    8.7   30.4   30.4   51.3   32.7   19.3   22.6 1009.30      31      665
2010-09-04 16:33:30    336933210  ***  ***    8.1    8.1    8.1   30.6   30.6   51.9   33.3   19.6   22.8 1009.30      31      675
2010-09-04 16:34:00    336933240  ***  ***    5.3    5.3    5.3   31.4   31.4   53.0   35.0   20.6   23.7 1009.30      31      706
2010-09-04 16:34:30    336933270  ***  ***    4.3    4.3    4.3   30.9   30.9   51.4   33.7   19.7   23.0 1009.20      31      686
2010-09-04 16:35:00    336933300  ***  ***    7.1    7.1    7.1   31.1   31.1   51.9   34.2   20.1   23.3 1009.30      31      693
2010-09-04 16:35:30    336933330  ***  ***    2.4    2.4    2.4   31.0   31.0   51.3   33.8   19.8   23.1 1009.20      32      687
2010-09-04 16:36:00    336933360  ***  ***    4.1    4.1    4.1   30.9   30.9   51.6   33.7   19.8   23.0 1009.30      31      686
2010-09-04 16:36:30    336933390  ***  ***    2.4    2.4    2.4   31.2   31.2   52.0   34.4   20.2   23.4 1009.20      32      698
2010-09-04 16:37:00    336933420  ***  ***    1.7    1.7    1.7   31.8   31.8   52.1   35.7   20.8   23.9 1009.20      31      722
2010-09-04 16:37:30    336933450  ***  ***    2.2    2.2    2.2   32.1   32.1   52.0   36.4   21.0   24.1 1009.30      31      733
2010-09-04 16:38:00    336933480  ***  ***    1.8    1.8    1.8   31.7   31.7   50.8   35.2   20.2   23.5 1009.30      31      713
2010-09-04 16:38:30    336933510  ***  ***    7.3    7.3    7.3   31.9   31.9   51.9   35.9   20.8   23.9 1009.20      31      725
2010-09-04 16:39:00    336933540  ***  ***    4.4    4.4    4.4   31.1   31.1   50.8   33.9   19.7   23.0 1009.20      32      690
2010-09-04 16:39:30    336933570  ***  ***    7.3    7.3    7.3   31.3   31.3   50.1   34.2   19.7   23.1 1009.20      32      698
2010-09-04 16:40:00    336933600  ***  ***    4.0    4.0    4.0   31.1   31.1   50.8   33.9   19.7   23.0 1009.20      32      692
2010-09-04 16:40:30    336933630  ***  ***    3.7    3.7    3.7   31.2   31.2   50.7   34.1   19.8   23.1 1009.20      31      696
2010-09-04 16:41:00    336933660  ***  ***    5.1    5.1    5.1   31.4   31.4   50.4   34.4   19.8   23.2 1009.20      31      701
2010-09-04 16:41:30    336933690  ***  ***    5.0    5.0    5.0   31.2   31.2   49.7   33.9   19.5   23.0 1009.20      31      696
2010-09-04 16:42:00    336933720  ***  ***    4.8    4.8    4.8   31.8   31.8   50.8   35.4   20.3   23.6 1009.20      32      719
2010-09-04 16:42:30    336933750  ***  ***    4.4    4.4    4.4   30.9   30.9   49.2   33.2   19.0   22.5 1009.30      31      680
2010-09-04 16:43:00    336933780  ***  ***    6.8    6.8    6.8   30.8   30.8   49.0   32.9   18.8   22.4 1009.20      31      676
2010-09-04 16:43:30    336933810  ***  ***    5.3    5.3    5.3   31.0   31.0   49.2   33.4   19.1   22.6 1009.20      32      684
2010-09-04 16:44:00    336933840  ***  ***    5.2    5.2    5.2   30.9   30.9   50.3   33.4   19.4   22.8 1009.20      32      683
2010-09-04 16:44:30    336933870  ***  ***    7.0    7.0    7.0   31.0   31.0   50.9   33.7   19.6   22.9 1009.30      31      688
2010-09-04 16:45:00    336933900  ***  ***    5.1    5.1    5.1   31.0   31.0   51.1   33.8   19.7   23.0 1009.20      32      687
2010-09-04 16:45:30    336933930  ***  ***    3.5    3.5    3.5   30.8   30.8   50.6   33.3   19.3   22.7 1009.30      31      680
2010-09-04 16:46:00    336933960  ***  ***    3.6    3.6    3.6   31.9   31.9   51.9   35.9   20.8   23.9 1009.20      31      724
2010-09-04 16:46:30    336933990  ***  ***    2.1    2.1    2.1   31.7   31.7   50.1   35.0   20.0   23.4 1009.20      32      713
2010-09-04 16:47:00    336934020  ***  ***    3.7    3.7    3.7   31.7   31.7   50.0   35.0   20.0   23.4 1009.20      32      713
2010-09-04 16:47:30    336934050  ***  ***    6.2    6.2    6.2   31.1   31.1   49.2   33.6   19.2   22.7 1009.20      32      689
2010-09-04 16:48:00    336934080  ***  ***    6.1    6.1    6.1   31.7   31.7   50.8   35.2   20.2   23.5 1009.20      32      715
2010-09-04 16:48:30    336934110  ***  ***    5.0    5.0    5.0   31.6   31.6   51.1   35.0   20.2   23.5 1009.20      32      712
2010-09-04 16:49:00    336934140  ***  ***    4.8    4.8    4.8   30.7   30.7   50.2   33.1   19.2   22.6 1009.10      32      677
2010-09-04 16:49:30    336934170  ***  ***    2.3    2.3    2.3   31.4   31.4   52.1   34.8   20.4   23.6 1009.20      32      706
2010-09-04 16:50:00    336934200  ***  ***    5.6    5.6    5.6   31.2   31.2   51.8   34.3   20.1   23.3 1009.20      32      699
2010-09-04 16:50:30    336934230  ***  ***    8.5    8.5    8.5   31.1   31.1   51.7   34.1   19.9   23.1 1009.20      32      692
2010-09-04 16:51:00    336934260  ***  ***    4.9    4.9    4.9   31.2   31.2   52.1   34.4   20.2   23.4 1009.20      32      699
2010-09-04 16:51:30    336934290  ***  ***    3.4    3.4    3.4   31.1   31.1   51.7   34.1   20.0   23.2 1009.20      31      694
2010-09-04 16:52:00    336934320  ***  ***    4.4    4.4    4.4   31.1   31.1   52.4   34.3   20.2   23.3 1009.20      32      694
2010-09-04 16:52:30    336934350  ***  ***    3.1    3.1    3.1   31.6   31.6   53.4   35.6   21.0   24.0 1009.20      32      715
2010-09-04 16:53:00    336934380  ***  ***    4.2    4.2    4.2   31.4   31.4   52.9   35.0   20.7   23.7 1009.20      32      709
2010-09-04 16:53:30    336934410  ***  ***    3.6    3.6    3.6   30.8   30.8   51.2   33.4   19.6   22.9 1009.20      32      681
2010-09-04 16:54:00    336934440  ***  ***    6.5    6.5    6.5   30.8   30.8   51.8   33.5   19.7   23.0 1009.20      32      681
2010-09-04 16:54:30    336934470  ***  ***    5.1    5.1    5.1   31.7   31.7   52.8   35.7   20.8   23.9 1009.20      32      718
2010-09-04 16:55:00    336934500  ***  ***    5.2    5.2    5.2   31.0   31.0   51.1   33.8   19.7   23.0 1009.20      32      689
2010-09-04 16:55:30    336934530  ***  ***    5.6    5.6    5.6   30.8   30.8   51.3   33.4   19.6   22.9 1009.10      32      682
2010-09-04 16:56:00    336934560  ***  ***    3.8    3.8    3.8   30.9   30.9   52.3   33.9   20.0   23.2 1009.10      32      686
2010-09-04 16:56:30    336934590  ***  ***    6.7    6.7    6.7   30.9   30.9   52.8   34.0   20.2   23.3 1009.10      32      689
2010-09-04 16:57:00    336934620  ***  ***    4.8    4.8    4.8   31.1   31.1   53.0   34.4   20.4   23.5 1009.10      32      696
2010-09-04 16:57:30    336934650  ***  ***    3.2    3.2    3.2   30.9   30.9   52.9   34.0   20.2   23.3 1009.10      32      689
2010-09-04 16:58:00    336934680  ***  ***    2.2    2.2    2.2   31.1   31.1   52.4   34.3   20.2   23.3 1009.10      32      694
2010-09-04 16:58:30    336934710  ***  ***    3.9    3.9    3.9   31.2   31.2   53.4   34.7   20.6   23.6 1009.10      32      701
2010-09-04 16:59:00    336934740  ***  ***    4.8    4.8    4.7   32.0   32.0   54.5   36.8   21.6   24.4 1009.10      32      733
2010-09-04 16:59:30    336934770  ***  ***    4.1    4.1    4.1   31.3   31.3   53.7   35.0   20.8   23.8 1009.10      32      707
2010-09-04 17:00:00    336934800  ***  ***    2.7    2.7    2.7   31.0   31.0   53.1   34.2   20.4   23.4 1009.10      33      694
2010-09-04 17:00:30    336934830  ***  ***    4.4    4.4    4.4   31.6   31.6   54.4   35.8   21.3   24.1 1009.10      33      719
2010-09-04 17:01:00    336934860  ***  ***    4.6    4.6    4.6   31.5   31.5   53.2   35.4   20.8   23.8 1009.10      32      712
2010-09-04 17:01:30    336934890  ***  ***    6.7    6.7    6.7   31.5   31.5   53.3   35.4   20.8   23.8 1009.10      32      712
2010-09-04 17:02:00    336934920  ***  ***    9.2    9.2    9.2   31.2   31.2   51.9   34.4   20.2   23.4 1009.10      32      699
2010-09-04 17:02:30    336934950  ***  ***    6.0    6.0    6.0   31.6   31.6   53.0   35.5   20.9   23.9 1009.10      32      717
2010-09-04 17:03:00    336934980  ***  ***    5.8    5.8    5.8   31.6   31.6   53.1   35.5   20.9   23.9 1009.10      32      716
2010-09-04 17:03:30    336935010  ***  ***    8.1    8.1    8.1   31.0   31.0   52.3   34.1   20.1   23.2 1009.20      32      692
2010-09-04 17:04:00    336935040  ***  ***    5.4    5.4    5.4   31.4   31.4   52.5   34.9   20.5   23.6 1009.10      32      709
2010-09-04 17:04:30    336935070  ***  ***    5.8    5.8    5.8   31.0   31.0   52.4   34.1   20.1   23.2 1009.10      33      691
2010-09-04 17:05:00    336935100  ***  ***    2.4    2.4    2.4   30.9   30.9   52.3   33.9   20.0   23.2 1009.10      32      688
2010-09-04 17:05:30    336935130  ***  ***    4.5    4.5    4.5   31.6   31.6   52.7   35.4   20.7   23.8 1009.10      32      715
2010-09-04 17:06:00    336935160  ***  ***    6.6    6.6    6.6   31.2   31.2   52.4   34.5   20.3   23.4 1009.10      32      698
2010-09-04 17:06:30    336935190  ***  ***    4.2    4.2    4.2   31.3   31.3   52.8   34.8   20.5   23.6 1009.10      32      706
2010-09-04 17:07:00    336935220  ***  ***    3.8    3.8    3.8   31.5   31.5   52.3   35.1   20.5   23.6 1009.00      33      711
2010-09-04 17:07:30    336935250  ***  ***    5.1    5.1    5.1   31.1   31.1   53.5   34.5   20.6   23.6 1009.00      33      700
2010-09-04 17:08:00    336935280  ***  ***    7.4    7.4    7.4   31.3   31.3   53.2   34.9   20.6   23.6 1009.10      33      703
2010-09-04 17:08:30    336935310  ***  ***    4.2    4.2    4.2   30.8   30.8   52.9   33.8   20.1   23.2 1009.10      33      684
2010-09-04 17:09:00    336935340  ***  ***    1.9    1.9    1.9   32.2   32.2   53.7   37.1   21.6   24.5 1009.10      33      741
2010-09-04 17:09:30    336935370  ***  ***    3.0    3.0    3.0   32.1   32.1   52.1   36.4   21.1   24.1 1009.10      32      735
2010-09-04 17:10:00    336935400  ***  ***    3.1    3.1    3.1   30.7   30.7   50.5   33.2   19.2   22.6 1009.00      33      677
2010-09-04 17:10:30    336935430  ***  ***    0.0    0.0    0.0   32.5   32.5   52.3   37.4   21.4   24.4 1009.00      33      749
2010-09-04 17:11:00    336935460  ***  ***    3.2    3.2    3.2   32.2   32.2   49.8   36.0   20.4   23.8 1009.00      33      737
2010-09-04 17:11:30    336935490  ***  ***    6.5    6.5    6.5   30.9   30.9   50.4   33.4   19.4   22.8 1009.00      33      684
2010-09-04 17:12:00    336935520  ***  ***    2.2    2.2    2.2   31.3   31.3   52.1   34.6   20.3   23.4 1009.00      33      704
2010-09-04 17:12:30    336935550  ***  ***    4.0    4.0    4.0   30.8   30.8   51.4   33.5   19.6   22.9 1008.90      34      685
2010-09-04 17:13:00    336935580  ***  ***    5.7    5.7    5.7   30.7   30.7   51.9   33.4   19.7   22.9 1009.00      33      679
2010-09-04 17:13:30    336935610  ***  ***    3.0    3.0    3.0   31.0   31.0   52.4   34.1   20.1   23.2 1008.90      34      693
2010-09-04 17:14:00    336935640  ***  ***    6.0    6.0    6.0   30.8   30.8   52.2   33.6   19.9   23.0 1008.90      34      686
2010-09-04 17:14:30    336935670  ***  ***    5.0    5.0    5.0   31.7   31.7   53.4   35.8   21.1   24.0 1008.90      34      722
2010-09-04 17:15:00    336935700  ***  ***    2.6    2.6    2.6   31.0   31.0   52.2   34.0   20.1   23.2 1008.80      35      695
2010-09-04 17:15:30    336935730  ***  ***    3.8    3.8    3.8   31.1   31.1   52.2   34.2   20.1   23.3 1008.90      34      696
2010-09-04 17:16:00    336935760  ***  ***    3.8    3.8    3.8   31.1   31.1   52.1   34.2   20.1   23.3 1008.90      34      697
2010-09-04 17:16:30    336935790  ***  ***    4.6    4.6    4.6   31.3   31.3   52.1   34.6   20.3   23.4 1008.90      34      706
2010-09-04 17:17:00    336935820  ***  ***    2.7    2.7    2.7   32.3   32.3   52.7   37.0   21.4   24.4 1008.90      34      745
2010-09-04 17:17:30    336935850  ***  ***    3.7    3.7    3.7   32.2   32.2   51.9   36.6   21.0   24.1 1008.90      34      739
2010-09-04 17:18:00    336935880  ***  ***    3.3    3.3    3.3   32.7   32.7   51.5   37.6   21.4   24.5 1008.90      34      758
2010-09-04 17:18:30    336935910  ***  ***    3.2    3.2    3.2   32.2   32.2   50.2   36.1   20.5   23.8 1008.90      34      738
2010-09-04 17:19:00    336935940  ***  ***    4.9    4.9    4.9   31.9   31.9   49.9   35.4   20.1   23.5 1008.90      34      723
2010-09-04 17:19:30    336935970  ***  ***    5.9    5.9    5.9   32.3   32.3   51.0   36.6   20.8   24.0 1008.90      34      742
2010-09-04 17:20:00    336936000  ***  ***    6.3    6.3    6.3   31.2   31.2   49.8   33.9   19.5   23.0 1008.80      34      698
2010-09-04 17:20:30    336936030  ***  ***    4.2    4.2    4.2   32.0   32.0   51.7   36.0   20.8   23.9 1008.90      34      732
2010-09-04 17:21:00    336936060  ***  ***    5.5    5.5    5.5   31.5   31.5   50.8   34.7   20.0   23.3 1008.80      34      711
2010-09-04 17:21:30    336936090  ***  ***    4.4    4.4    4.4   31.3   31.3   51.3   34.4   20.0   23.3 1008.80      34      703
2010-09-04 17:22:00    336936120  ***  ***    5.4    5.4    5.4   31.8   31.8   52.0   35.7   20.7   23.8 1008.90      34      723
2010-09-04 17:22:30    336936150  ***  ***    7.7    7.7    7.7   31.5   31.5   51.2   34.8   20.2   23.4 1008.80      35      713
2010-09-04 17:23:00    336936180  ***  ***    8.9    8.9    8.9   31.1   31.1   50.8   33.9   19.7   23.0 1008.90      34      694
2010-09-04 17:23:30    336936210  ***  ***    6.9    6.9    6.9   31.4   31.4   52.1   34.8   20.4   23.5 1008.80      34      709
2010-09-04 17:24:00    336936240  ***  ***    6.1    6.1    6.1   31.6   31.6   53.1   35.5   20.9   23.9 1008.80      34      721
2010-09-04 17:24:30    336936270  ***  ***    2.2    2.2    2.2   30.6   30.6   52.1   33.3   19.6   22.8 1008.80      35      677
2010-09-04 17:25:00    336936300  ***  ***    4.6    4.6    4.6   31.7   31.7   53.8   35.9   21.2   24.1 1008.80      35      726
2010-09-04 17:25:30    336936330  ***  ***    4.5    4.5    4.4   30.9   30.9   52.3   33.9   20.0   23.2 1008.70      36      692
2010-09-04 17:26:00    336936360  ***  ***    3.7    3.7    3.7   31.6   31.6   53.1   35.5   20.9   23.9 1008.80      35      720
2010-09-04 17:26:30    336936390  ***  ***    5.6    5.6    5.6   31.3   31.3   52.0   34.6   20.3   23.4 1008.70      35      706
2010-09-04 17:27:00    336936420  ***  ***    4.7    4.7    4.7   31.5   31.5   51.4   34.9   20.2   23.4 1008.80      35      711
2010-09-04 17:27:30    336936450  ***  ***    4.3    4.3    4.3   32.2   32.2   53.1   36.9   21.4   24.4 1008.80      34      742
2010-09-04 17:28:00    336936480  ***  ***    4.7    4.7    4.7   31.2   31.2   51.1   34.2   19.9   23.1 1008.80      35      702
2010-09-04 17:28:30    336936510  ***  ***    6.6    6.6    6.6   31.1   31.1   52.1   34.2   20.1   23.3 1008.80      35      696
2010-09-04 17:29:00    336936540  ***  ***    4.9    4.9    4.8   30.9   30.9   52.6   33.9   20.1   23.2 1008.80      35      692
2010-09-04 17:29:30    336936570  ***  ***    3.9    3.9    3.9   31.1   31.1   53.0   34.4   20.4   23.5 1008.80      35      703
2010-09-04 17:30:00    336936600  ***  ***    5.8    5.8    5.8   31.2   31.2   53.3   34.7   20.6   23.6 1008.80      35      706
2010-09-04 17:30:30    336936630  ***  ***    2.0    2.0    2.0   31.6   31.6   54.3   35.8   21.2   24.1 1008.80      35      721
2010-09-04 17:31:00    336936660  ***  ***    2.4    2.4    2.4   31.7   31.7   52.3   35.6   20.7   23.8 1008.80      35      722
2010-09-04 17:31:30    336936690  ***  ***    5.1    5.1    5.1   31.6   31.6   51.7   35.2   20.5   23.6 1008.70      36      719
2010-09-04 17:32:00    336936720  ***  ***    3.2    3.2    3.2   33.1   33.1   53.1   38.9   22.2   25.1 1008.70      36      778
2010-09-04 17:32:30    336936750  ***  ***    2.0    2.0    2.0   32.6   32.6   51.7   37.4   21.4   24.5 1008.80      35      757
2010-09-04 17:33:00    336936780  ***  ***    6.0    6.0    6.0   31.6   31.6   51.3   35.1   20.3   23.5 1008.80      35      716
2010-09-04 17:33:30    336936810  ***  ***    6.2    6.2    6.2   32.4   32.4   53.1   37.3   21.6   24.6 1008.80      35      750
2010-09-04 17:34:00    336936840  ***  ***    5.0    5.0    5.0   32.6   32.6   53.9   38.0   22.0   24.8 1008.70      35      760
2010-09-04 17:34:30    336936870  ***  ***    1.9    1.9    1.9   32.1   32.1   53.0   36.6   21.3   24.3 1008.70      35      739
2010-09-04 17:35:00    336936900  ***  ***    3.0    3.0    3.0   31.7   31.7   53.1   35.7   21.0   24.0 1008.70      36      724
2010-09-04 17:35:30    336936930  ***  ***    5.9    5.9    5.9   32.0   32.0   52.6   36.3   21.1   24.1 1008.70      35      737
2010-09-04 17:36:00    336936960  ***  ***    3.3    3.3    3.3   31.3   31.3   52.6   34.7   20.5   23.6 1008.70      36      709
2010-09-04 17:36:30    336936990  ***  ***    0.0    0.0    0.0   32.7   32.7   53.6   38.2   22.0   24.9 1008.60      36      766
2010-09-04 17:37:00    336937020  ***  ***    4.8    4.8    4.8   32.2   32.2   52.0   36.6   21.1   24.2 1008.60      36      745
2010-09-04 17:37:30    336937050  ***  ***    5.7    5.7    5.7   31.9   31.9   52.1   36.0   20.9   24.0 1008.60      36      732
2010-09-04 17:38:00    336937080  ***  ***    7.7    7.7    7.7   32.0   32.0   52.6   36.3   21.1   24.1 1008.60      36      737
2010-09-04 17:38:30    336937110  ***  ***    5.8    5.8    5.8   33.0   33.0   53.0   38.7   22.1   25.0 1008.60      36      774
2010-09-04 17:39:00    336937140  ***  ***    6.5    6.5    6.5   31.4   31.4   51.7   34.7   20.3   23.5 1008.70      36      712
2010-09-04 17:39:30    336937170  ***  ***    5.1    5.1    5.1   31.5   31.5   53.4   35.4   20.9   23.8 1008.60      36      717
2010-09-04 17:40:00    336937200  ***  ***    5.7    5.7    5.7   30.8   30.8   53.1   33.8   20.2   23.3 1008.70      36      689
2010-09-04 17:40:30    336937230  ***  ***    3.8    3.8    3.8   31.4   31.4   54.5   35.4   21.1   23.9 1008.70      36      714
2010-09-04 17:41:00    336937260  ***  ***    4.1    4.1    4.1   32.4   32.4   54.5   37.7   22.1   24.9 1008.70      36      756
2010-09-04 17:41:30    336937290  ***  ***    0.0    0.0    0.0   34.6   34.6   52.4   42.2   23.4   26.3 1008.70      36      835
2010-09-04 17:42:00    336937320  ***  ***    0.0    0.0    0.0   37.1   37.1   48.2   46.7   24.3   27.4 1008.70      35      925
2010-09-04 17:42:30    336937350  ***  ***    0.0    0.0    0.0   38.5   38.5   44.8   48.5   24.4   27.8 1008.80      35      973
2010-09-04 17:43:00    336937380  ***  ***    0.0    0.0    0.0   37.7   37.7   40.8   44.7   22.1   26.2 1008.80      35      928
2010-09-04 17:43:30    336937410  ***  ***    0.0    0.0    0.0   35.6   35.6   42.7   41.0   21.0   25.0 1008.30      39      860
2010-09-04 17:44:00    336937440  ***  ***    0.0    0.0    0.0   35.2   35.2   48.0   42.0   22.5   25.8 1008.70      35      849
2010-09-04 17:44:30    336937470  ***  ***    0.0    0.0    0.0   37.8   37.8   51.3   50.3   26.0   28.7 1008.80      35      960
2010-09-04 17:45:00    336937500  ***  ***    0.0    0.0    0.0   38.5   38.5   48.7   50.8   25.7   28.7 1008.80      35      981
2010-09-04 17:45:30    336937530  ***  ***    0.0    0.0    0.0   38.6   38.6   46.1   49.5   25.0   28.2 1008.80      35      980
2010-09-04 17:46:00    336937560  ***  ***    0.0    0.0    0.0   37.8   37.8   43.6   46.2   23.3   26.9 1008.70      35      942
2010-09-04 17:46:30    336937590  ***  ***    0.0    0.0    0.0   37.1   37.1   43.6   44.6   22.6   26.3 1008.70      35      914
2010-09-04 17:47:00    336937620  ***  ***    0.0    0.0    0.0   37.0   37.0   45.9   45.3   23.4   26.8 1008.70      36      917
2010-09-04 17:47:30    336937650  ***  ***    0.0    0.0    0.0   37.7   37.7   46.1   47.1   24.1   27.4 1008.70      36      943
2010-09-04 17:48:00    336937680  ***  ***    0.0    0.0    0.0   37.3   37.3   46.5   46.3   23.9   27.2 1008.80      35      931
