FORMATTED DATE-TIME           DT   MG   TR     WS     CW     HW     TP     WC     RH     HI     DP     WB      BP      AL       DA
YYYY-MM-DD HH:MM:SS            s  Mag True    mph    mph    mph     °C     °C      %     °C     °C     °C      mb       m        m
----------------------------------------------------------------------------------------------------------------------------------
2010-09-01 15:52:30    336671550  ***  ***    0.0    0.0    0.0   31.0   31.0   48.1   33.1   18.7   22.4 1010.50      21      670
2010-09-01 15:53:00    336671580  ***  ***    1.5    1.5    1.5   30.7   30.7   49.6   33.0   19.0   22.5 1010.40      22      664
2010-09-01 15:53:30    336671610  ***  ***    9.8    9.8    9.8   29.0   29.0   50.9   30.2   17.8   21.3 1010.50      21      596
2010-09-01 15:54:00    336671640  ***  ***    6.5    6.5    6.5   28.8   28.8   53.5   30.3   18.4   21.6 1010.50      21      595
2010-09-01 15:54:30    336671670  ***  ***    8.9    8.9    8.9   28.6   28.6   54.1   30.0   18.4   21.5 1010.50      21      587
2010-09-01 15:55:00    336671700  ***  ***    4.5    4.5    4.5   28.5   28.5   54.2   29.9   18.3   21.4 1010.40      21      582
2010-09-01 15:55:30    336671730  ***  ***    8.6    8.6    8.6   28.4   28.4   54.9   29.7   18.5   21.5 1010.50      21      582
2010-09-01 15:56:00    336671760  ***  ***    7.1    7.1    7.1   28.4   28.4   55.3   29.8   18.6   21.6 1010.40      21      582
2010-09-01 15:56:30    336671790  ***  ***    9.2    9.2    9.2   28.4   28.4   55.6   29.8   18.6   21.6 1010.50      21      580
2010-09-01 15:57:00    336671820  ***  ***    6.6    6.6    6.6   28.4   28.4   55.5   29.8   18.6   21.6 1010.50      21      581
2010-09-01 15:57:30    336671850  ***  ***    7.0    7.0    7.0   28.9   28.9   55.6   30.8   19.1   22.0 1010.50      21      600
2010-09-01 15:58:00    336671880  ***  ***    4.2    4.2    4.2   29.0   29.0   55.0   30.9   19.0   22.0 1010.50      21      603
2010-09-01 15:58:30    336671910  ***  ***    7.0    7.0    7.0   29.0   29.0   54.0   30.7   18.8   21.9 1010.50      21      603
2010-09-01 15:59:00    336671940  ***  ***    5.0    5.0    5.0   29.7   29.7   54.7   32.1   19.6   22.6 1010.50      21      630
2010-09-01 15:59:30    336671970  ***  ***    9.2    9.2    9.2   29.3   29.3   53.5   31.2   18.8   22.0 1010.50      21      611
2010-09-01 16:00:00    336672000  ***  ***    3.5    3.5    3.5   29.7   29.7   54.1   32.0   19.5   22.5 1010.50      21      630
2010-09-01 16:00:30    336672030  ***  ***   10.7   10.7   10.7   29.2   29.2   52.7   30.9   18.5   21.8 1010.50      21      607
2010-09-01 16:01:00    336672060  ***  ***    7.1    7.1    7.1   29.1   29.1   53.0   30.7   18.6   21.8 1010.50      21      606
2010-09-01 16:01:30    336672090  ***  ***    4.6    4.6    4.6   29.4   29.4   53.5   31.4   19.0   22.1 1010.40      21      618
2010-09-01 16:02:00    336672120  ***  ***    8.8    8.8    8.8   29.4   29.4   53.3   31.3   18.9   22.1 1010.50      21      615
2010-09-01 16:02:30    336672150  ***  ***    8.9    8.9    8.9   30.0   30.0   53.3   32.4   19.4   22.5 1010.50      21      639
2010-09-01 16:03:00    336672180  ***  ***    9.3    9.3    9.3   29.6   29.6   52.5   31.6   18.9   22.1 1010.40      22      624
2010-09-01 16:03:30    336672210  ***  ***    8.1    8.1    8.1   29.1   29.1   51.1   30.5   18.0   21.4 1010.30      22      603
2010-09-01 16:04:00    336672240  ***  ***    8.8    8.8    8.8   28.9   28.9   52.0   30.2   18.1   21.4 1010.40      22      596
2010-09-01 16:04:30    336672270  ***  ***   11.7   11.7   11.7   28.7   28.7   52.0   29.9   17.9   21.3 1010.40      21      588
2010-09-01 16:05:00    336672300  ***  ***    4.7    4.7    4.7   29.1   29.1   52.9   30.7   18.5   21.7 1010.50      21      603
2010-09-01 16:05:30    336672330  ***  ***    5.2    5.2    5.2   28.9   28.9   52.6   30.3   18.2   21.5 1010.40      22      597
2010-09-01 16:06:00    336672360  ***  ***    5.8    5.8    5.8   29.2   29.2   52.5   30.9   18.5   21.8 1010.30      22      610
2010-09-01 16:06:30    336672390  ***  ***    7.5    7.5    7.5   29.0   29.0   51.5   30.3   18.0   21.4 1010.40      22      597
2010-09-01 16:07:00    336672420  ***  ***    5.1    5.1    5.1   29.6   29.6   52.2   31.5   18.7   22.0 1010.40      21      622
2010-09-01 16:07:30    336672450  ***  ***    6.8    6.8    6.8   29.7   29.7   51.4   31.6   18.6   21.9 1010.40      21      626
2010-09-01 16:08:00    336672480  ***  ***   11.0   11.0   11.0   29.6   29.6   50.6   31.2   18.3   21.8 1010.50      21      621
2010-09-01 16:08:30    336672510  ***  ***    8.9    8.9    8.9   29.5   29.5   50.5   31.1   18.1   21.6 1010.40      22      615
2010-09-01 16:09:00    336672540  ***  ***    6.4    6.4    6.4   30.2   30.2   51.4   32.4   19.1   22.4 1010.40      22      645
2010-09-01 16:09:30    336672570  ***  ***    7.8    7.8    7.8   29.7   29.7   50.0   31.3   18.1   21.7 1010.40      22      622
2010-09-01 16:10:00    336672600  ***  ***    5.9    5.9    5.9   29.6   29.6   50.9   31.3   18.4   21.8 1010.30      22      622
2010-09-01 16:10:30    336672630  ***  ***    6.1    6.1    6.1   30.2   30.2   51.7   32.5   19.2   22.5 1010.40      21      648
2010-09-01 16:11:00    336672660  ***  ***    6.5    6.5    6.5   29.4   29.4   50.9   30.9   18.2   21.6 1010.40      21      615
2010-09-01 16:11:30    336672690  ***  ***   10.9   10.9   10.9   29.7   29.7   51.2   31.5   18.6   21.9 1010.40      21      625
2010-09-01 16:12:00    336672720  ***  ***    9.0    9.0    9.0   29.5   29.5   49.2   30.9   17.7   21.4 1010.30      22      616
2010-09-01 16:12:30    336672750  ***  ***    8.3    8.3    8.3   30.0   30.0   50.2   31.9   18.5   22.0 1010.30      23      635
2010-09-01 16:13:00    336672780  ***  ***    8.2    8.2    8.2   30.3   30.3   51.2   32.6   19.1   22.4 1010.30      22      651
2010-09-01 16:13:30    336672810  ***  ***    4.7    4.7    4.7   30.0   30.0   50.4   31.9   18.5   22.0 1010.30      23      637
2010-09-01 16:14:00    336672840  ***  ***    8.0    8.0    8.0   29.9   29.9   50.5   31.8   18.5   22.0 1010.30      22      634
2010-09-01 16:14:30    336672870  ***  ***    3.2    3.2    3.2   30.5   30.5   51.2   32.9   19.3   22.6 1010.30      23      660
2010-09-01 16:15:00    336672900  ***  ***    6.7    6.7    6.7   30.7   30.7   51.3   33.3   19.5   22.8 1010.20      23      665
2010-09-01 16:15:30    336672930  ***  ***    6.9    6.9    6.9   30.3   30.3   50.5   32.5   18.9   22.3 1010.30      23      651
2010-09-01 16:16:00    336672960  ***  ***   10.2   10.2   10.2   29.8   29.8   49.2   31.4   18.0   21.6 1010.20      23      628
2010-09-01 16:16:30    336672990  ***  ***    4.4    4.4    4.4   30.5   30.5   51.1   32.9   19.2   22.6 1010.20      24      658
2010-09-01 16:17:00    336673020  ***  ***    8.4    8.4    8.4   30.3   30.3   51.0   32.6   19.0   22.4 1010.20      23      651
2010-09-01 16:17:30    336673050  ***  ***    4.5    4.5    4.5   29.8   29.8   50.2   31.5   18.3   21.8 1010.20      24      628
2010-09-01 16:18:00    336673080  ***  ***    9.7    9.7    9.7   30.1   30.1   51.2   32.2   18.9   22.2 1010.10      24      643
2010-09-01 16:18:30    336673110  ***  ***    8.5    8.5    8.5   30.1   30.1   51.5   32.3   19.0   22.3 1010.10      24      645
2010-09-01 16:19:00    336673140  ***  ***    5.0    5.0    5.0   30.2   30.2   51.6   32.4   19.2   22.5 1010.10      24      651
2010-09-01 16:19:30    336673170  ***  ***    7.0    7.0    7.0   30.3   30.3   51.9   32.7   19.3   22.5 1010.10      24      653
2010-09-01 16:20:00    336673200  ***  ***   11.1   11.1   11.1   30.0   30.0   51.0   32.0   18.8   22.2 1010.10      24      640
2010-09-01 16:20:30    336673230  ***  ***    8.5    8.5    8.5   30.8   30.8   51.5   33.5   19.7   23.0 1010.10      24      673
2010-09-01 16:21:00    336673260  ***  ***    5.5    5.5    5.5   30.2   30.2   50.1   32.2   18.6   22.1 1010.10      24      645
2010-09-01 16:21:30    336673290  ***  ***    5.1    5.1    5.1   29.8   29.8   50.2   31.5   18.3   21.8 1010.10      24      629
2010-09-01 16:22:00    336673320  ***  ***    7.7    7.7    7.7   29.5   29.5   49.4   30.9   17.8   21.4 1010.00      25      619
2010-09-01 16:22:30    336673350  ***  ***    4.9    4.9    4.9   29.7   29.7   50.2   31.3   18.2   21.7 1010.00      25      628
2010-09-01 16:23:00    336673380  ***  ***    8.3    8.3    8.3   30.1   30.1   50.9   32.1   18.8   22.2 1010.00      25      647
2010-09-01 16:23:30    336673410  ***  ***    6.8    6.8    6.8   29.9   29.9   50.8   31.8   18.6   22.0 1010.00      25      638
2010-09-01 16:24:00    336673440  ***  ***    6.2    6.2    6.2   30.3   30.3   51.5   32.6   19.2   22.5 1010.00      25      655
2010-09-01 16:24:30    336673470  ***  ***    5.9    5.9    5.9   30.6   30.6   51.2   33.1   19.3   22.7 1010.00      25      663
2010-09-01 16:25:00    336673500  ***  ***    6.3    6.3    6.3   30.8   30.8   50.9   33.3   19.5   22.8 1010.10      24      673
2010-09-01 16:25:30    336673530  ***  ***    5.5    5.5    5.5   30.3   30.3   50.6   32.5   18.9   22.3 1010.00      25      651
2010-09-01 16:26:00    336673560  ***  ***    7.8    7.8    7.8   30.5   30.5   51.5   33.0   19.4   22.7 1010.00      25      661
2010-09-01 16:26:30    336673590  ***  ***    6.8    6.8    6.7   30.0   30.0   51.4   32.1   18.9   22.2 1010.00      25      643
2010-09-01 16:27:00    336673620  ***  ***   11.6   11.6   11.6   30.4   30.4   52.3   33.0   19.5   22.7 1010.00      25      658
2010-09-01 16:27:30    336673650  ***  ***    7.7    7.7    7.7   30.2   30.2   51.3   32.4   19.0   22.4 1010.00      25      649
2010-09-01 16:28:00    336673680  ***  ***    7.1    7.1    7.1   29.3   29.3   50.2   30.7   17.8   21.4 1010.00      25      611
2010-09-01 16:28:30    336673710  ***  ***    5.9    5.9    5.9   30.0   30.0   52.0   32.2   19.0   22.3 1010.00      25      642
2010-09-01 16:29:00    336673740  ***  ***    5.3    5.3    5.3   30.0   30.0   51.9   32.2   19.0   22.3 1010.00      25      642
2010-09-01 16:29:30    336673770  ***  ***    6.6    6.6    6.6   30.8   30.8   52.3   33.7   19.9   23.0 1010.20      24      673
2010-09-01 16:30:00    336673800  ***  ***    4.1    4.1    4.1   30.6   30.6   50.5   33.0   19.1   22.5 1010.10      24      660
2010-09-01 16:30:30    336673830  ***  ***    7.6    7.6    7.6   30.6   30.6   51.2   33.1   19.4   22.7 1010.00      25      666
2010-09-01 16:31:00    336673860  ***  ***    7.0    7.0    7.0   30.7   30.7   51.9   33.4   19.7   22.9 1010.00      25      670
2010-09-01 16:31:30    336673890  ***  ***    4.2    4.2    4.2   30.5   30.5   51.6   33.0   19.4   22.7 1010.10      24      663
2010-09-01 16:32:00    336673920  ***  ***    6.7    6.7    6.7   30.4   30.4   51.0   32.7   19.1   22.5 1010.10      24      655
2010-09-01 16:32:30    336673950  ***  ***    8.0    8.0    8.0   30.3   30.3   51.4   32.6   19.1   22.4 1010.00      25      652
2010-09-01 16:33:00    336673980  ***  ***    5.9    5.9    5.9   30.4   30.4   51.4   32.8   19.2   22.5 1009.90      25      656
2010-09-01 16:33:30    336674010  ***  ***    4.5    4.5    4.5   30.0   30.0   50.1   31.9   18.4   21.9 1009.90      26      639
2010-09-01 16:34:00    336674040  ***  ***    9.8    9.8    9.8   30.5   30.5   51.2   32.9   19.3   22.6 1010.00      25      660
2010-09-01 16:34:30    336674070  ***  ***   11.7   11.7   11.7   29.7   29.7   50.4   31.3   18.3   21.8 1010.20      24      627
2010-09-01 16:35:00    336674100  ***  ***    7.7    7.7    7.7   30.0   30.0   50.9   32.0   18.7   22.1 1010.00      25      642
2010-09-01 16:35:30    336674130  ***  ***    4.5    4.5    4.5   30.2   30.2   51.0   32.4   18.9   22.3 1010.00      25      648
2010-09-01 16:36:00    336674160  ***  ***    5.1    5.1    5.1   30.8   30.8   51.9   33.6   19.8   23.0 1010.00      25      676
2010-09-01 16:36:30    336674190  ***  ***    5.3    5.3    5.3   30.3   30.3   50.5   32.5   18.9   22.3 1010.00      25      651
2010-09-01 16:37:00    336674220  ***  ***    6.5    6.5    6.5   29.8   29.8   50.4   31.5   18.4   21.9 1009.90      26      632
2010-09-01 16:37:30    336674250  ***  ***    7.0    7.0    7.0   29.9   29.9   51.5   31.9   18.8   22.1 1009.90      26      639
2010-09-01 16:38:00    336674280  ***  ***    6.7    6.7    6.7   29.7   29.7   51.5   31.6   18.6   21.9 1009.90      26      629
2010-09-01 16:38:30    336674310  ***  ***    3.2    3.2    3.2   30.2   30.2   52.6   32.6   19.4   22.6 1010.00      25      651
2010-09-01 16:39:00    336674340  ***  ***    5.6    5.6    5.6   30.2   30.2   52.1   32.5   19.2   22.5 1009.90      25      651
2010-09-01 16:39:30    336674370  ***  ***    8.3    8.3    8.3   29.9   29.9   51.6   31.9   18.9   22.2 1010.00      25      639
2010-09-01 16:40:00    336674400  ***  ***    5.5    5.5    5.5   30.4   30.4   51.8   32.8   19.4   22.6 1010.00      25      659
2010-09-01 16:40:30    336674430  ***  ***    7.4    7.4    7.4   30.2   30.2   50.8   32.3   18.9   22.3 1010.10      24      649
2010-09-01 16:41:00    336674460  ***  ***    7.0    7.0    7.0   30.3   30.3   51.4   32.6   19.1   22.4 1010.00      25      652
2010-09-01 16:41:30    336674490  ***  ***    6.9    6.9    6.9   30.2   30.2   51.5   32.4   19.1   22.4 1010.00      25      650
2010-09-01 16:42:00    336674520  ***  ***   14.3   14.3   14.3   30.3   30.3   51.5   32.6   19.1   22.4 1010.10      24      651
2010-09-01 16:42:30    336674550  ***  ***    7.1    7.1    7.1   29.8   29.8   51.2   31.7   18.7   22.1 1010.00      25      635
2010-09-01 16:43:00    336674580  ***  ***    7.9    7.9    7.9   30.4   30.4   52.0   32.9   19.4   22.6 1010.00      25      657
2010-09-01 16:43:30    336674610  ***  ***    8.7    8.7    8.7   30.1   30.1   50.7   32.1   18.7   22.2 1010.00      25      644
2010-09-01 16:44:00    336674640  ***  ***    4.1    4.1    4.1   30.4   30.4   51.2   32.7   19.1   22.5 1010.00      25      655
2010-09-01 16:44:30    336674670  ***  ***    4.1    4.1    4.1   30.4   30.4   51.0   32.7   19.1   22.5 1010.00      25      656
2010-09-01 16:45:00    336674700  ***  ***   12.0   12.0   12.0   30.0   30.0   50.2   31.9   18.5   22.0 1009.90      25      639
2010-09-01 16:45:30    336674730  ***  ***    3.4    3.4    3.4   30.2   30.2   51.7   32.5   19.1   22.4 1010.00      25      650
2010-09-01 16:46:00    336674760  ***  ***    9.4    9.4    9.4   30.2   30.2   51.4   32.4   19.1   22.4 1010.10      24      648
2010-09-01 16:46:30    336674790  ***  ***    4.1    4.1    4.1   30.5   30.5   51.2   32.9   19.3   22.6 1009.90      26      664
2010-09-01 16:47:00    336674820  ***  ***    5.2    5.2    5.2   30.7   30.7   51.5   33.3   19.6   22.8 1009.90      26      672
2010-09-01 16:47:30    336674850  ***  ***    9.1    9.1    9.1   30.4   30.4   51.3   32.7   19.2   22.5 1010.00      25      657
2010-09-01 16:48:00    336674880  ***  ***   10.9   10.9   10.9   29.9   29.9   51.4   31.9   18.8   22.1 1010.00      25      638
2010-09-01 16:48:30    336674910  ***  ***   12.5   12.5   12.5   29.8   29.8   51.5   31.7   18.8   22.1 1010.10      24      634
2010-09-01 16:49:00    336674940  ***  ***    8.7    8.7    8.7   30.0   30.0   51.9   32.2   19.1   22.4 1010.10      24      642
2010-09-01 16:49:30    336674970  ***  ***    7.1    7.1    7.1   30.0   30.0   52.3   32.3   19.2   22.4 1009.90      25      644
2010-09-01 16:50:00    336675000  ***  ***    4.2    4.2    4.2   30.4   30.4   51.9   32.9   19.4   22.6 1010.00      25      658
2010-09-01 16:50:30    336675030  ***  ***    8.3    8.3    8.3   29.5   29.5   50.5   31.1   18.2   21.7 1010.00      25      623
2010-09-01 16:51:00    336675060  ***  ***    6.2    6.2    6.2   30.6   30.6   52.5   33.4   19.8   22.9 1010.00      25      668
2010-09-01 16:51:30    336675090  ***  ***    3.4    3.4    3.4   30.2   30.2   51.4   32.4   19.0   22.4 1009.90      25      649
2010-09-01 16:52:00    336675120  ***  ***    6.0    6.0    6.0   29.9   29.9   52.0   32.0   19.0   22.3 1010.00      25      639
2010-09-01 16:52:30    336675150  ***  ***    4.2    4.2    4.2   30.3   30.3   51.4   32.6   19.2   22.5 1010.00      25      653
2010-09-01 16:53:00    336675180  ***  ***    9.7    9.7    9.7   29.8   29.8   51.0   31.7   18.5   21.9 1010.00      25      632
2010-09-01 16:53:30    336675210  ***  ***   10.2   10.2   10.2   30.0   30.0   52.5   32.3   19.2   22.4 1009.90      26      642
2010-09-01 16:54:00    336675240  ***  ***   11.0   11.0   11.0   30.1   30.1   52.6   32.5   19.4   22.5 1010.00      25      650
2010-09-01 16:54:30    336675270  ***  ***   10.6   10.6   10.6   29.6   29.6   51.2   31.3   18.5   21.9 1010.00      25      627
2010-09-01 16:55:00    336675300  ***  ***   10.2   10.2   10.2   30.2   30.2   52.2   32.5   19.3   22.5 1010.10      24      648
2010-09-01 16:55:30    336675330  ***  ***    7.4    7.4    7.3   29.6   29.6   51.1   31.3   18.4   21.8 1010.00      25      625
2010-09-01 16:56:00    336675360  ***  ***    7.5    7.5    7.5   29.8   29.8   51.8   31.8   18.8   22.1 1010.00      25      634
2010-09-01 16:56:30    336675390  ***  ***    6.7    6.7    6.7   30.5   30.5   52.7   33.2   19.8   22.9 1010.00      25      665
2010-09-01 16:57:00    336675420  ***  ***    9.1    9.1    9.1   30.2   30.2   50.6   32.3   18.8   22.2 1010.00      25      648
2010-09-01 16:57:30    336675450  ***  ***    9.6    9.6    9.6   29.5   29.5   50.0   31.0   18.0   21.5 1010.00      25      620
2010-09-01 16:58:00    336675480  ***  ***    5.3    5.3    5.3   30.8   30.8   51.8   33.5   19.8   23.0 1010.00      25      676
2010-09-01 16:58:30    336675510  ***  ***    7.0    7.0    7.0   30.2   30.2   50.8   32.3   18.8   22.2 1010.00      25      648
2010-09-01 16:59:00    336675540  ***  ***    3.9    3.9    3.9   30.4   30.4   51.0   32.7   19.1   22.5 1010.00      25      657
2010-09-01 16:59:30    336675570  ***  ***    4.5    4.5    4.5   31.3   31.3   52.0   34.6   20.3   23.4 1010.00      25      695
2010-09-01 17:00:00    336675600  ***  ***    4.0    4.0    4.0   30.9   30.9   50.3   33.4   19.3   22.7 1010.00      25      674
2010-09-01 17:00:30    336675630  ***  ***    3.0    3.0    3.0   31.2   31.2   50.5   34.1   19.7   23.1 1009.90      25      689
2010-09-01 17:01:00    336675660  ***  ***    5.8    5.8    5.8   30.3   30.3   49.0   32.1   18.4   22.1 1009.90      26      651
2010-09-01 17:01:30    336675690  ***  ***    8.9    8.9    8.9   30.3   30.3   49.5   32.2   18.6   22.1 1009.90      26      653
2010-09-01 17:02:00    336675720  ***  ***    7.4    7.4    7.4   30.3   30.3   49.9   32.3   18.7   22.2 1009.80      26      654
2010-09-01 17:02:30    336675750  ***  ***    1.6    1.6    1.6   33.8   33.8   53.2   40.5   22.9   25.7 1010.00      25      792
2010-09-01 17:03:00    336675780  ***  ***    2.1    2.1    2.1   34.4   34.4   48.7   40.4   22.1   25.4 1010.20      24      806
2010-09-01 17:03:30    336675810  ***  ***    1.1    1.1    1.1   35.3   35.3   45.4   41.2   21.7   25.3 1010.10      24      835
2010-09-01 17:04:00    336675840  ***  ***    1.0    1.0    1.0   35.3   35.3   44.1   40.8   21.2   25.0 1010.10      24      830
2010-09-01 17:04:30    336675870  ***  ***    0.0    0.0    0.0   36.9   36.9   44.9   44.6   23.0   26.6 1010.00      25      898
2010-09-01 17:05:00    336675900  ***  ***    0.0    0.0    0.0   37.4   37.4   43.9   45.3   23.0   26.7 1010.00      25      913
2010-09-01 17:05:30    336675930  ***  ***    1.5    1.5    1.5   36.9   36.9   42.5   43.7   22.0   25.9 1010.00      25      889
2010-09-01 17:06:00    336675960  ***  ***    1.2    1.2    1.2   36.5   36.5   42.3   42.7   21.6   25.6 1010.00      25      874
2010-09-01 17:06:30    336675990  ***  ***    0.9    0.9    0.9   37.0   37.0   41.8   43.6   21.9   25.9 1010.00      25      894
2010-09-01 17:07:00    336676020  ***  ***    1.0    1.0    1.0   36.7   36.7   43.0   43.4   22.1   26.0 1010.00      25      885
2010-09-01 17:07:30    336676050  ***  ***    0.0    0.0    0.0   37.0   37.0   42.1   43.8   22.0   25.9 1010.00      25      894
2010-09-01 17:08:00    336676080  ***  ***    0.0    0.0    0.0   38.4   38.4   44.9   48.3   24.3   27.7 1010.00      25      956
2010-09-01 17:08:30    336676110  ***  ***    1.6    1.6    1.6   36.9   36.9   39.1   42.4   20.6   25.1 1009.90      25      882
2010-09-01 17:09:00    336676140  ***  ***    0.9    0.9    0.9   36.6   36.6   40.2   42.2   20.9   25.2 1009.90      25      875
2010-09-01 17:09:30    336676170  ***  ***    1.3    1.3    1.3   36.3   36.3   41.2   41.9   21.1   25.2 1009.90      25      867
2010-09-01 17:10:00    336676200  ***  ***    0.0    0.0    0.0   37.4   37.4   43.2   45.0   22.8   26.6 1009.90      25      911
2010-09-01 17:10:30    336676230  ***  ***    0.0    0.0    0.0   37.2   37.2   40.7   43.6   21.6   25.8 1009.90      25      900
2010-09-01 17:11:00    336676260  ***  ***    1.0    1.0    1.0   37.3   37.3   40.4   43.6   21.5   25.8 1009.90      26      900
2010-09-01 17:11:30    336676290  ***  ***    0.0    0.0    0.0   37.7   37.7   41.3   44.9   22.3   26.3 1009.90      26      919
2010-09-01 17:12:00    336676320  ***  ***    1.2    1.2    1.2   37.0   37.0   40.8   43.2   21.5   25.7 1009.90      26      893
2010-09-01 17:12:30    336676350  ***  ***    0.8    0.8    0.8   36.6   36.6   40.5   42.3   21.0   25.2 1009.80      26      878
2010-09-01 17:13:00    336676380  ***  ***    0.0    0.0    0.0   37.8   37.8   42.2   45.6   22.8   26.7 1009.80      26      928
2010-09-01 17:13:30    336676410  ***  ***    1.2    1.2    1.2   37.2   37.2   39.8   43.2   21.3   25.6 1009.80      26      898
2010-09-01 17:14:00    336676440  ***  ***    0.0    0.0    0.0   38.1   38.1   41.4   46.0   22.7   26.7 1009.80      27      935
2010-09-01 17:14:30    336676470  ***  ***    0.0    0.0    0.0   38.7   38.7   41.0   47.2   23.0   27.0 1009.80      26      957
2010-09-01 17:15:00    336676500  ***  ***    0.0    0.0    0.0   39.4   39.4   39.8   48.3   23.2   27.3 1009.80      26      982
2010-09-01 17:15:30    336676530  ***  ***    0.0    0.0    0.0   38.3   38.3   39.0   45.4   21.9   26.2 1009.80      27      938
2010-09-01 17:16:00    336676560  ***  ***    0.0    0.0    0.0   37.8   37.8   38.5   44.0   21.2   25.7 1009.70      27      917
2010-09-01 17:16:30    336676590  ***  ***    1.3    1.3    1.3   37.2   37.2   39.3   43.1   21.1   25.4 1009.70      27      898
2010-09-01 17:17:00    336676620  ***  ***    0.0    0.0    0.0   37.6   37.6   41.7   44.9   22.4   26.4 1009.80      27      921
2010-09-01 17:17:30    336676650  ***  ***    1.0    1.0    1.0   37.1   37.1   39.7   43.0   21.1   25.4 1009.70      27      895
2010-09-01 17:18:00    336676680  ***  ***    0.8    0.8    0.8   37.5   37.5   41.1   44.4   22.0   26.1 1009.70      27      913
2010-09-01 17:18:30    336676710  ***  ***    0.0    0.0    0.0   38.3   38.3   40.6   46.1   22.5   26.6 1009.80      27      943
2010-09-01 17:19:00    336676740  ***  ***    1.1    1.1    1.1   37.4   37.4   39.7   43.6   21.3   25.6 1009.70      27      905
2010-09-01 17:19:30    336676770  ***  ***    0.8    0.8    0.8   37.8   37.8   41.9   45.5   22.7   26.6 1009.80      27      927
2010-09-01 17:20:00    336676800  ***  ***    2.8    2.8    2.8   37.3   37.3   40.7   43.8   21.7   25.9 1009.70      27      906
2010-09-01 17:20:30    336676830  ***  ***    1.9    1.9    1.9   36.3   36.3   40.2   41.6   20.7   25.0 1009.70      27      867
2010-09-01 17:21:00    336676860  ***  ***    1.2    1.2    1.2   37.2   37.2   41.0   43.7   21.8   25.9 1009.80      27      902
2010-09-01 17:21:30    336676890  ***  ***    1.1    1.1    1.1   36.6   36.6   40.9   42.5   21.2   25.4 1009.80      27      877
2010-09-01 17:22:00    336676920  ***  ***    1.1    1.1    1.1   37.2   37.2   40.8   43.6   21.7   25.8 1009.80      27      901
2010-09-01 17:22:30    336676950  ***  ***    1.3    1.3    1.3   36.5   36.5   40.0   41.9   20.7   25.0 1009.70      27      872
2010-09-01 17:23:00    336676980  ***  ***    0.0    0.0    0.0   38.0   38.0   41.7   45.9   22.7   26.6 1009.70      27      934
2010-09-01 17:23:30    336677010  ***  ***    1.0    1.0    1.0   36.8   36.8   40.6   42.7   21.2   25.4 1009.80      26      885
2010-09-01 17:24:00    336677040  ***  ***    1.1    1.1    1.1   37.0   37.0   39.8   42.8   21.1   25.4 1009.80      27      892
2010-09-01 17:24:30    336677070  ***  ***    1.5    1.5    1.5   36.8   36.8   40.2   42.6   21.1   25.3 1009.70      27      885
2010-09-01 17:25:00    336677100  ***  ***    1.1    1.1    1.1   36.5   36.5   40.6   42.1   20.9   25.1 1009.70      27      874
2010-09-01 17:25:30    336677130  ***  ***    1.3    1.3    1.3   36.0   36.0   40.6   41.1   20.5   24.8 1009.70      28      854
2010-09-01 17:26:00    336677160  ***  ***    1.1    1.1    1.1   35.6   35.6   41.5   40.6   20.5   24.7 1009.70      27      841
2010-09-01 17:26:30    336677190  ***  ***    1.7    1.7    1.7   35.4   35.4   41.8   40.3   20.4   24.6 1009.70      27      835
2010-09-01 17:27:00    336677220  ***  ***    1.1    1.1    1.1   36.2   36.2   42.8   42.2   21.6   25.5 1009.80      27      868
2010-09-01 17:27:30    336677250  ***  ***    0.0    0.0    0.0   37.7   37.7   43.4   45.9   23.1   26.8 1009.80      27      926
2010-09-01 17:28:00    336677280  ***  ***    0.0    0.0    0.0   37.7   37.7   41.6   45.0   22.4   26.4 1009.80      27      921
2010-09-01 17:28:30    336677310  ***  ***    0.0    0.0    0.0   38.0   38.0   40.1   45.1   22.1   26.3 1009.80      27      931
2010-09-01 17:29:00    336677340  ***  ***    0.0    0.0    0.0   38.4   38.4   40.2   46.2   22.5   26.6 1009.80      26      943
2010-09-01 17:29:30    336677370  ***  ***    0.0    0.0    0.0   38.1   38.1   38.9   44.8   21.7   26.1 1009.80      27      931
2010-09-01 17:30:00    336677400  ***  ***    0.0    0.0    0.0   38.3   38.3   39.4   45.5   22.1   26.3 1009.80      27      940
2010-09-01 17:30:30    336677430  ***  ***    1.2    1.2    1.2   37.0   37.0   39.0   42.6   20.8   25.2 1009.80      27      889
2010-09-01 17:31:00    336677460  ***  ***    1.4    1.4    1.4   36.5   36.5   39.8   41.8   20.7   25.0 1009.70      27      874
2010-09-01 17:31:30    336677490  ***  ***    1.5    1.5    1.5   36.1   36.1   40.9   41.4   20.7   24.9 1009.80      27      860
2010-09-01 17:32:00    336677520  ***  ***    0.0    0.0    0.0   38.2   38.2   42.6   46.8   23.3   27.0 1009.80      27      945
2010-09-01 17:32:30    336677550  ***  ***    0.0    0.0    0.0   38.3   38.3   41.0   46.3   22.8   26.8 1009.80      27      945
2010-09-01 17:33:00    336677580  ***  ***    0.0    0.0    0.0   38.9   38.9   41.0   47.7   23.3   27.2 1009.80      27      967
2010-09-01 17:33:30    336677610  ***  ***    1.4    1.4    1.3   37.5   37.5   38.7   43.4   21.1   25.5 1009.80      27      908
2010-09-01 17:34:00    336677640  ***  ***    0.8    0.8    0.8   38.4   38.4   41.1   46.5   22.8   26.8 1009.80      27      948
2010-09-01 17:34:30    336677670  ***  ***    0.0    0.0    0.0   38.8   38.8   40.0   47.0   22.7   26.8 1009.80      26      959
2010-09-01 17:35:00    336677700  ***  ***    0.8    0.8    0.8   37.7   37.7   38.6   43.8   21.2   25.7 1009.80      27      915
2010-09-01 17:35:30    336677730  ***  ***    0.0    0.0    0.0   36.7   36.7   40.1   42.3   20.9   25.2 1009.70      27      879
2010-09-01 17:36:00    336677760  ***  ***    0.0    0.0    0.0   37.0   37.0   41.5   43.5   21.8   25.8 1009.80      27      895
2010-09-01 17:36:30    336677790  ***  ***    0.9    0.9    0.9   36.4   36.4   40.9   42.0   21.0   25.2 1009.60      28      872
2010-09-01 17:37:00    336677820  ***  ***    1.1    1.1    1.1   34.6   34.6   40.9   38.3   19.4   23.8 1009.60      28      803
2010-09-01 17:37:30    336677850  ***  ***    0.0    0.0    0.0   35.5   35.5   44.3   41.3   21.5   25.3 1009.70      27      842
2010-09-01 17:38:00    336677880  ***  ***    0.0    0.0    0.0   37.2   37.2   44.8   45.3   23.2   26.7 1009.80      27      911
2010-09-01 17:38:30    336677910  ***  ***    0.9    0.9    0.9   37.1   37.1   42.1   44.0   22.1   26.0 1009.80      27      900
2010-09-01 17:39:00    336677940  ***  ***    1.1    1.1    1.1   36.7   36.7   40.7   42.6   21.2   25.4 1009.70      27      882
2010-09-01 17:39:30    336677970  ***  ***    0.7    0.7    0.7   37.7   37.7   42.3   45.4   22.7   26.6 1009.70      27      924
2010-09-01 17:40:00    336678000  ***  ***    0.0    0.0    0.0   38.3   38.3   40.9   46.3   22.7   26.7 1009.70      27      943
2010-09-01 17:40:30    336678030  ***  ***    1.1    1.1    1.1   37.7   37.7   39.8   44.3   21.7   26.0 1009.80      27      918
2010-09-01 17:41:00    336678060  ***  ***    1.4    1.4    1.4   36.6   36.6   39.7   42.0   20.6   25.0 1009.70      27      875
2010-09-01 17:41:30    336678090  ***  ***    0.8    0.8    0.8   36.9   36.9   41.4   43.3   21.6   25.7 1009.60      28      891
2010-09-01 17:42:00    336678120  ***  ***    0.0    0.0    0.0   38.1   38.1   41.4   46.0   22.7   26.7 1009.70      27      936
2010-09-01 17:42:30    336678150  ***  ***    1.3    1.3    1.3   37.2   37.2   40.4   43.4   21.5   25.7 1009.70      27      899
2010-09-01 17:43:00    336678180  ***  ***    0.0    0.0    0.0   37.7   37.7   40.4   44.5   21.9   26.1 1009.70      27      918
2010-09-01 17:43:30    336678210  ***  ***    0.0    0.0    0.0   37.6   37.6   40.0   44.2   21.7   25.9 1009.70      28      915
2010-09-01 17:44:00    336678240  ***  ***    0.0    0.0    0.0   37.5   37.5   39.8   43.9   21.6   25.8 1009.60      28      913
2010-09-01 17:44:30    336678270  ***  ***    1.1    1.1    1.1   36.7   36.7   39.8   42.2   20.8   25.2 1009.60      28      882
2010-09-01 17:45:00    336678300  ***  ***    0.0    0.0    0.0   38.6   38.6   42.1   47.6   23.4   27.2 1009.60      29      959
2010-09-01 17:45:30    336678330  ***  ***    0.9    0.9    0.9   38.5   38.5   39.5   46.1   22.3   26.5 1009.60      28      949
2010-09-01 17:46:00    336678360  ***  ***    0.0    0.0    0.0   39.6   39.6   39.9   48.8   23.4   27.4 1009.60      28      993
2010-09-01 17:46:30    336678390  ***  ***    1.3    1.3    1.3   38.3   38.3   39.0   45.4   21.9   26.2 1009.60      28      941
2010-09-01 17:47:00    336678420  ***  ***    0.0    0.0    0.0   38.4   38.4   39.4   45.8   22.2   26.4 1009.60      29      945
2010-09-01 17:47:30    336678450  ***  ***    1.3    1.3    1.3   37.3   37.3   38.1   42.8   20.7   25.2 1009.60      29      901
2010-09-01 17:48:00    336678480  ***  ***    2.2    2.2    2.2   37.0   37.0   39.1   42.6   20.8   25.2 1009.50      29      891
2010-09-01 17:48:30    336678510  ***  ***    1.2    1.2    1.2   37.2   37.2   40.0   43.3   21.3   25.6 1009.50      29      901
2010-09-01 17:49:00    336678540  ***  ***    1.2    1.2    1.2   37.0   37.0   39.9   42.8   21.1   25.4 1009.50      29      892
2010-09-01 17:49:30    336678570  ***  ***    0.9    0.9    0.9   37.3   37.3   39.6   43.3   21.3   25.6 1009.50      29      907
2010-09-01 17:50:00    336678600  ***  ***    1.0    1.0    1.0   37.3   37.3   40.3   43.6   21.6   25.8 1009.50      29      907
2010-09-01 17:50:30    336678630  ***  ***    1.0    1.0    1.0   37.7   37.7   40.1   44.4   21.8   26.0 1009.50      29      919
2010-09-01 17:51:00    336678660  ***  ***    1.5    1.5    1.5   36.2   36.2   38.3   40.7   19.7   24.4 1009.50      29      857
2010-09-01 17:51:30    336678690  ***  ***    1.7    1.7    1.7   36.7   36.7   40.5   42.5   21.1   25.3 1009.50      29      884
2010-09-01 17:52:00    336678720  ***  ***    1.5    1.5    1.5   37.0   37.0   41.0   43.3   21.5   25.7 1009.50      29      896
2010-09-01 17:52:30    336678750  ***  ***    0.8    0.8    0.8   37.5   37.5   39.7   43.9   21.5   25.8 1009.50      29      911
2010-09-01 17:53:00    336678780  ***  ***    0.0    0.0    0.0   38.4   38.4   41.2   46.6   22.9   26.8 1009.50      29      949
2010-09-01 17:53:30    336678810  ***  ***    0.9    0.9    0.9   38.4   38.4   39.4   45.8   22.1   26.4 1009.40      30      945
2010-09-01 17:54:00    336678840  ***  ***    1.5    1.5    1.5   37.3   37.3   38.7   43.0   20.9   25.3 1009.50      29      903
2010-09-01 17:54:30    336678870  ***  ***    1.4    1.4    1.4   36.9   36.9   39.6   42.5   20.9   25.2 1009.40      30      890
2010-09-01 17:55:00    336678900  ***  ***    1.4    1.4    1.4   36.6   36.6   39.9   42.0   20.7   25.1 1009.40      30      879
2010-09-01 17:55:30    336678930  ***  ***    1.7    1.7    1.7   37.1   37.1   40.2   43.2   21.3   25.6 1009.40      30      897
2010-09-01 17:56:00    336678960  ***  ***    0.8    0.8    0.8   37.2   37.2   40.5   43.5   21.5   25.7 1009.40      30      901
2010-09-01 17:56:30    336678990  ***  ***    1.4    1.4    1.4   36.9   36.9   39.8   42.6   21.0   25.3 1009.40      30      891
2010-09-01 17:57:00    336679020  ***  ***    1.1    1.1    1.1   36.8   36.8   40.9   42.9   21.3   25.4 1009.40      30      889
2010-09-01 17:57:30    336679050  ***  ***    0.9    0.9    0.9   37.3   37.3   41.8   44.2   22.1   26.1 1009.40      30      911
2010-09-01 17:58:00    336679080  ***  ***    1.0    1.0    1.0   37.3   37.3   40.6   43.7   21.6   25.8 1009.40      30      907
2010-09-01 17:58:30    336679110  ***  ***    0.8    0.8    0.8   37.5   37.5   40.9   44.4   21.9   26.0 1009.40      30      916
2010-09-01 17:59:00    336679140  ***  ***    0.0    0.0    0.0   38.2   38.2   40.8   45.9   22.5   26.6 1009.40      30      942
2010-09-01 17:59:30    336679170  ***  ***    1.1    1.1    1.1   37.8   37.8   38.7   44.0   21.4   25.8 1009.40      30      924
2010-09-01 18:00:00    336679200  ***  ***    1.0    1.0    1.0   38.1   38.1   40.3   45.5   22.2   26.4 1009.40      30      936
2010-09-01 18:00:30    336679230  ***  ***    0.0    0.0    0.0   38.4   38.4   40.3   46.2   22.5   26.6 1009.40      30      948
2010-09-01 18:01:00    336679260  ***  ***    0.0    0.0    0.0   39.0   39.0   38.9   46.9   22.5   26.7 1009.40      30      970
2010-09-01 18:01:30    336679290  ***  ***    0.0    0.0    0.0   39.7   39.7   40.0   49.2   23.5   27.5 1009.40      30      997
2010-09-01 18:02:00    336679320  ***  ***    0.0    0.0    0.0   39.4   39.4   38.9   47.8   22.8   27.0 1009.30      30      984
2010-09-01 18:02:30    336679350  ***  ***    1.0    1.0    1.0   39.1   39.1   36.9   46.2   21.7   26.3 1009.40      30      968
2010-09-01 18:03:00    336679380  ***  ***    0.8    0.8    0.8   39.2   39.2   37.7   46.8   22.1   26.6 1009.30      31      974
2010-09-01 18:03:30    336679410  ***  ***    0.0    0.0    0.0   40.6   40.6   39.7   51.1   24.2   28.2 1009.30      31     1035
2010-09-01 18:04:00    336679440  ***  ***    0.0    0.0    0.0   40.0   40.0   37.3   48.4   22.6   27.0 1009.40      30     1000
2010-09-01 18:04:30    336679470  ***  ***    0.7    0.7    0.7   40.4   40.4   36.6   48.9   22.7   27.2 1009.30      31     1017
2010-09-01 18:05:00    336679500  ***  ***    1.3    1.3    1.3   39.2   39.2   35.5   45.7   21.1   26.0 1009.30      31      966
2010-09-01 18:05:30    336679530  ***  ***    1.2    1.2    1.2   37.6   37.6   37.1   43.0   20.4   25.1 1009.30      31      911
2010-09-01 18:06:00    336679560  ***  ***    0.9    0.9    0.9   39.1   39.1   38.7   47.1   22.5   26.8 1009.20      31      974
2010-09-01 18:06:30    336679590  ***  ***    0.0    0.0    0.0   39.0   39.0   38.9   46.9   22.5   26.7 1009.20      32      972
2010-09-01 18:07:00    336679620  ***  ***    0.0    0.0    0.0   38.5   38.5   38.6   45.6   21.9   26.3 1009.30      31      952
2010-09-01 18:07:30    336679650  ***  ***    0.0    0.0    0.0   40.5   40.5   40.2   51.2   24.3   28.2 1009.30      31     1029
2010-09-01 18:08:00    336679680  ***  ***    0.0    0.0    0.0   37.9   37.9   38.3   44.2   21.3   25.7 1009.20      32      927
2010-09-01 18:08:30    336679710  ***  ***    0.0    0.0    0.0   37.0   37.0   40.2   43.0   21.2   25.5 1009.10      33      898
2010-09-01 18:09:00    336679740  ***  ***    0.9    0.9    0.9   37.4   37.4   41.6   44.3   22.1   26.1 1009.20      31      916
2010-09-01 18:09:30    336679770  ***  ***    1.4    1.4    1.4   36.8   36.8   40.0   42.5   21.0   25.3 1009.30      31      889
2010-09-01 18:10:00    336679800  ***  ***    1.2    1.2    1.2   35.2   35.2   41.7   39.8   20.2   24.4 1009.20      32      832
2010-09-01 18:10:30    336679830  ***  ***    1.1    1.1    1.1   35.3   35.3   43.6   40.6   21.0   24.9 1009.10      32      841
2010-09-01 18:11:00    336679860  ***  ***    0.0    0.0    0.0   36.6   36.6   44.3   43.8   22.4   26.1 1009.20      32      890
2010-09-01 18:11:30    336679890  ***  ***    0.0    0.0    0.0   37.8   37.8   43.8   46.3   23.4   27.0 1009.30      31      938
2010-09-01 18:12:00    336679920  ***  ***    0.0    0.0    0.0   38.6   38.6   41.4   47.2   23.1   27.0 1009.30      31      959
2010-09-01 18:12:30    336679950  ***  ***    0.9    0.9    0.9   37.3   37.3   39.5   43.3   21.2   25.6 1009.20      31      905
2010-09-01 18:13:00    336679980  ***  ***    0.0    0.0    0.0   39.6   39.6   39.9   48.8   23.4   27.4 1009.30      30      994
2010-09-01 18:13:30    336680010  ***  ***    1.0    1.0    1.0   39.3   39.3   39.1   47.7   22.8   27.0 1009.30      31      982
2010-09-01 18:14:00    336680040  ***  ***    0.0    0.0    0.0   39.3   39.3   40.9   48.7   23.5   27.4 1009.30      31      986
2010-09-01 18:14:30    336680070  ***  ***    1.1    1.1    1.1   40.6   40.6   40.6   51.6   24.6   28.4 1009.30      31     1036
2010-09-01 18:15:00    336680100  ***  ***    1.0    1.0    1.0   38.2   38.2   37.8   44.6   21.3   25.8 1009.30      31      936
2010-09-01 18:15:30    336680130  ***  ***    1.4    1.4    1.4   37.6   37.6   39.0   43.8   21.3   25.7 1009.20      32      918
2010-09-01 18:16:00    336680160  ***  ***    0.0    0.0    0.0   38.9   38.9   40.3   47.4   22.9   26.9 1009.20      31      969
2010-09-01 18:16:30    336680190  ***  ***    1.0    1.0    1.0   39.1   39.1   39.6   47.5   22.8   26.9 1009.20      32      977
2010-09-01 18:17:00    336680220  ***  ***    0.0    0.0    0.0   40.3   40.3   39.2   50.1   23.8   27.8 1009.30      31     1021
2010-09-01 18:17:30    336680250  ***  ***    1.0    1.0    1.0   38.8   38.8   38.7   46.4   22.2   26.5 1009.20      31      963
2010-09-01 18:18:00    336680280  ***  ***    0.0    0.0    0.0   39.1   39.1   39.8   47.6   23.0   27.1 1009.30      31      979
2010-09-01 18:18:30    336680310  ***  ***    0.9    0.9    0.9   39.1   39.1   39.7   47.6   22.9   27.0 1009.20      32      977
2010-09-01 18:19:00    336680340  ***  ***    1.6    1.6    1.6   38.1   38.1   38.9   44.8   21.6   26.0 1009.20      32      935
2010-09-01 18:19:30    336680370  ***  ***    0.0    0.0    0.0   37.5   37.5   40.1   44.0   21.7   25.9 1009.20      32      918
2010-09-01 18:20:00    336680400  ***  ***    0.9    0.9    0.9   38.9   38.9   39.3   46.9   22.5   26.7 1009.20      32      966
2010-09-01 18:20:30    336680430  ***  ***    0.8    0.8    0.8   38.0   38.0   39.6   44.9   21.8   26.1 1009.10      32      935
2010-09-01 18:21:00    336680460  ***  ***    1.2    1.2    1.2   37.3   37.3   38.8   43.1   20.9   25.3 1009.10      32      906
2010-09-01 18:21:30    336680490  ***  ***    0.7    0.7    0.7   37.9   37.9   40.8   45.2   22.3   26.4 1009.20      32      934
2010-09-01 18:22:00    336680520  ***  ***    0.0    0.0    0.0   38.6   38.6   41.3   47.1   23.0   26.9 1009.20      32      959
2010-09-01 18:22:30    336680550  ***  ***    0.7    0.7    0.7   38.2   38.2   40.1   45.6   22.3   26.4 1009.20      32      942
2010-09-01 18:23:00    336680580  ***  ***    0.9    0.9    0.9   38.0   38.0   38.8   44.6   21.6   26.0 1009.20      32      934
2010-09-01 18:23:30    336680610  ***  ***    0.0    0.0    0.0   38.5   38.5   39.6   46.1   22.3   26.5 1009.30      31      954
2010-09-01 18:24:00    336680640  ***  ***    1.3    1.3    1.3   37.2   37.2   38.2   42.6   20.6   25.2 1009.20      32      898
2010-09-01 18:24:30    336680670  ***  ***    1.6    1.6    1.6   37.6   37.6   39.7   44.1   21.6   25.9 1009.20      32      921
2010-09-01 18:25:00    336680700  ***  ***    0.7    0.7    0.7   38.4   38.4   39.7   46.0   22.3   26.5 1009.20      32      952
2010-09-01 18:25:30    336680730  ***  ***    1.1    1.1    1.1   37.8   37.8   39.3   44.3   21.6   25.9 1009.20      32      925
2010-09-01 18:26:00    336680760  ***  ***    1.5    1.5    1.5   37.4   37.4   39.7   43.6   21.4   25.7 1009.20      32      913
2010-09-01 18:26:30    336680790  ***  ***    1.0    1.0    1.0   37.4   37.4   38.6   43.2   21.0   25.4 1009.10      33      912
2010-09-01 18:27:00    336680820  ***  ***    1.3    1.3    1.3   37.4   37.4   39.0   43.4   21.1   25.5 1009.10      32      910
2010-09-01 18:27:30    336680850  ***  ***    2.1    2.1    2.1   36.4   36.4   38.3   41.1   19.9   24.5 1009.10      32      870
2010-09-01 18:28:00    336680880  ***  ***    1.2    1.2    1.2   36.7   36.7   39.2   42.0   20.6   25.0 1009.10      32      884
2010-09-01 18:28:30    336680910  ***  ***    2.5    2.5    2.5   36.4   36.4   39.8   41.6   20.6   25.0 1009.00      33      877
2010-09-01 18:29:00    336680940  ***  ***    0.8    0.8    0.8   37.1   37.1   40.7   43.4   21.5   25.7 1009.10      33      903
2010-09-01 18:29:30    336680970  ***  ***    1.3    1.3    1.3   36.5   36.5   39.3   41.7   20.4   24.9 1009.00      33      878
2010-09-01 18:30:00    336681000  ***  ***    0.9    0.9    0.9   37.2   37.2   40.4   43.4   21.5   25.7 1009.00      33      906
2010-09-01 18:30:30    336681030  ***  ***    0.8    0.8    0.8   37.7   37.7   40.4   44.5   21.9   26.1 1009.10      33      923
2010-09-01 18:31:00    336681060  ***  ***    1.2    1.2    1.2   36.9   36.9   38.8   42.3   20.6   25.1 1009.10      33      891
2010-09-01 18:31:30    336681090  ***  ***    2.1    2.1    2.1   36.8   36.8   38.6   42.0   20.4   24.9 1009.10      33      889
2010-09-01 18:32:00    336681120  ***  ***    1.3    1.3    1.3   37.5   37.5   39.5   43.8   21.4   25.7 1009.00      33      915
2010-09-01 18:32:30    336681150  ***  ***    0.7    0.7    0.7   37.1   37.1   38.5   42.6   20.6   25.1 1008.90      34      898
2010-09-01 18:33:00    336681180  ***  ***    1.2    1.2    1.2   37.3   37.3   40.0   43.5   21.4   25.7 1009.00      33      911
2010-09-01 18:33:30    336681210  ***  ***    1.4    1.4    1.4   36.3   36.3   39.2   41.2   20.2   24.7 1009.10      33      869
2010-09-01 18:34:00    336681240  ***  ***    1.0    1.0    1.0   36.6   36.6   39.9   42.0   20.8   25.1 1008.90      34      886
2010-09-01 18:34:30    336681270  ***  ***    1.5    1.5    1.5   36.5   36.5   39.3   41.7   20.4   24.9 1009.00      33      878
2010-09-01 18:35:00    336681300  ***  ***    1.3    1.3    1.3   36.6   36.6   40.5   42.3   21.0   25.2 1009.00      33      885
2010-09-01 18:35:30    336681330  ***  ***    1.0    1.0    1.0   37.3   37.3   40.0   43.5   21.4   25.7 1009.10      33      908
2010-09-01 18:36:00    336681360  ***  ***    1.0    1.0    1.0   38.1   38.1   39.9   45.3   22.1   26.3 1009.00      33      940
2010-09-01 18:36:30    336681390  ***  ***    1.3    1.3    1.3   37.3   37.3   38.1   42.8   20.6   25.2 1009.00      33      905
2010-09-01 18:37:00    336681420  ***  ***    1.0    1.0    1.0   37.8   37.8   38.9   44.1   21.4   25.8 1009.00      33      927
2010-09-01 18:37:30    336681450  ***  ***    1.1    1.1    1.1   38.0   38.0   38.2   44.3   21.3   25.8 1009.00      33      932
2010-09-01 18:38:00    336681480  ***  ***    0.7    0.7    0.7   38.9   38.9   38.5   46.5   22.2   26.6 1009.00      33      970
2010-09-01 18:38:30    336681510  ***  ***    1.2    1.2    1.2   37.6   37.6   37.4   43.1   20.5   25.2 1009.00      33      913
2010-09-01 18:39:00    336681540  ***  ***    1.8    1.8    1.8   37.5   37.5   38.9   43.5   21.1   25.5 1009.00      33      916
2010-09-01 18:39:30    336681570  ***  ***    0.0    0.0    0.0   36.7   36.7   39.3   42.1   20.6   25.0 1008.90      34      885
2010-09-01 18:40:00    336681600  ***  ***    0.0    0.0    0.0   37.3   37.3   40.4   43.6   21.5   25.8 1009.00      33      908
2010-09-01 18:40:30    336681630  ***  ***    0.0    0.0    0.0   38.1   38.1   41.3   45.9   22.6   26.6 1009.00      33      943
2010-09-01 18:41:00    336681660  ***  ***    0.0    0.0    0.0   37.3   37.3   39.6   43.3   21.2   25.6 1008.80      35      911
2010-09-01 18:41:30    336681690  ***  ***    0.0    0.0    0.0   38.1   38.1   40.4   45.5   22.3   26.4 1008.80      34      942
2010-09-01 18:42:00    336681720  ***  ***    1.3    1.3    1.3   36.5   36.5   39.8   41.8   20.6   25.0 1008.80      34      881
2010-09-01 18:42:30    336681750  ***  ***    0.0    0.0    0.0   36.6   36.6   41.3   42.6   21.3   25.4 1008.90      34      886
2010-09-01 18:43:00    336681780  ***  ***    0.0    0.0    0.0   37.3   37.3   41.3   44.0   22.0   26.0 1008.90      34      915
2010-09-01 18:43:30    336681810  ***  ***    0.0    0.0    0.0   37.3   37.3   39.2   43.2   21.1   25.5 1008.90      34      910
2010-09-01 18:44:00    336681840  ***  ***    0.8    0.8    0.8   37.3   37.3   40.5   43.7   21.6   25.8 1008.90      34      911
2010-09-01 18:44:30    336681870  ***  ***    0.0    0.0    0.0   37.5   37.5   41.5   44.6   22.2   26.2 1008.90      34      921
2010-09-01 18:45:00    336681900  ***  ***    0.0    0.0    0.0   38.3   38.3   41.7   46.6   23.0   26.9 1008.80      35      955
2010-09-01 18:45:30    336681930  ***  ***    0.0    0.0    0.0   37.5   37.5   41.3   44.5   22.1   26.1 1008.80      35      922
2010-09-01 18:46:00    336681960  ***  ***    1.8    1.8    1.8   36.8   36.8   40.2   42.6   21.0   25.3 1008.80      35      891
2010-09-01 18:46:30    336681990  ***  ***    1.2    1.2    1.2   35.7   35.7   41.2   40.7   20.5   24.7 1008.80      35      854
2010-09-01 18:47:00    336682020  ***  ***    0.9    0.9    0.9   36.7   36.7   42.9   43.4   22.0   25.9 1008.90      34      895
2010-09-01 18:47:30    336682050  ***  ***    0.9    0.9    0.8   37.3   37.3   42.2   44.4   22.3   26.2 1008.80      34      918
2010-09-01 18:48:00    336682080  ***  ***    2.0    2.0    2.0   36.0   36.0   40.9   41.2   20.7   24.9 1008.80      35      866
2010-09-01 18:48:30    336682110  ***  ***    0.9    0.9    0.9   36.3   36.3   42.0   42.2   21.3   25.3 1008.80      34      879
2010-09-01 18:49:00    336682140  ***  ***    1.0    1.0    1.0   36.7   36.7   42.4   43.2   21.8   25.8 1008.90      34      894
2010-09-01 18:49:30    336682170  ***  ***    1.2    1.2    1.2   36.2   36.2   41.7   41.9   21.1   25.2 1008.80      35      876
2010-09-01 18:50:00    336682200  ***  ***    1.2    1.2    1.2   36.3   36.3   42.0   42.2   21.4   25.4 1008.80      34      881
2010-09-01 18:50:30    336682230  ***  ***    0.0    0.0    0.0   38.1   38.1   41.8   46.1   22.8   26.7 1008.80      35      947
2010-09-01 18:51:00    336682260  ***  ***    0.0    0.0    0.0   38.5   38.5   42.3   47.4   23.4   27.2 1008.90      34      963
2010-09-01 18:51:30    336682290  ***  ***    1.2    1.2    1.2   38.1   38.1   40.3   45.5   22.2   26.4 1008.80      34      942
2010-09-01 18:52:00    336682320  ***  ***    1.7    1.7    1.7   37.1   37.1   38.6   42.6   20.7   25.2 1008.80      35      902
2010-09-01 18:52:30    336682350  ***  ***    1.5    1.5    1.5   37.7   37.7   39.7   44.3   21.7   26.0 1008.80      35      929
2010-09-01 18:53:00    336682380  ***  ***    1.2    1.2    1.2   37.1   37.1   38.8   42.7   20.7   25.2 1008.80      35      903
2010-09-01 18:53:30    336682410  ***  ***    0.8    0.8    0.8   37.2   37.2   38.3   42.7   20.6   25.2 1008.70      36      905
2010-09-01 18:54:00    336682440  ***  ***    0.0    0.0    0.0   38.5   38.5   41.8   47.1   23.3   27.1 1008.80      35      965
2010-09-01 18:54:30    336682470  ***  ***    0.0    0.0    0.0   38.0   38.0   40.0   45.1   22.0   26.2 1008.80      35      938
2010-09-01 18:55:00    336682500  ***  ***    1.6    1.6    1.6   37.2   37.2   38.7   42.8   20.8   25.3 1008.70      35      908
2010-09-01 18:55:30    336682530  ***  ***    1.5    1.5    1.5   36.9   36.9   39.2   42.4   20.7   25.1 1008.80      35      895
2010-09-01 18:56:00    336682560  ***  ***    1.5    1.5    1.5   37.1   37.1   39.1   42.8   20.8   25.3 1008.80      35      901
2010-09-01 18:56:30    336682590  ***  ***    1.1    1.1    1.1   36.5   36.5   37.5   41.0   19.7   24.5 1008.70      36      876
2010-09-01 18:57:00    336682620  ***  ***    1.3    1.3    1.3   37.0   37.0   38.8   42.5   20.6   25.1 1008.70      36      899
2010-09-01 18:57:30    336682650  ***  ***    0.9    0.9    0.9   36.9   36.9   39.1   42.4   20.7   25.1 1008.70      35      897
2010-09-01 18:58:00    336682680  ***  ***    1.2    1.2    1.2   36.4   36.4   39.1   41.4   20.2   24.7 1008.70      36      876
2010-09-01 18:58:30    336682710  ***  ***    3.0    3.0    3.0   35.0   35.0   38.5   38.4   18.8   23.5 1008.60      36      823
2010-09-01 18:59:00    336682740  ***  ***    1.1    1.1    1.1   36.0   36.0   41.8   41.5   21.0   25.1 1008.60      36      870
2010-09-01 18:59:30    336682770  ***  ***    2.1    2.1    2.1   35.4   35.4   39.8   39.6   19.7   24.2 1008.60      37      843
2010-09-01 19:00:00    336682800  ***  ***    1.3    1.3    1.3   36.0   36.0   41.2   41.3   20.7   24.9 1008.60      37      866
2010-09-01 19:00:30    336682830  ***  ***    0.0    0.0    0.0   36.9   36.9   41.6   43.3   21.7   25.8 1008.60      36      905
2010-09-01 19:01:00    336682860  ***  ***    2.2    2.2    2.2   36.7   36.7   40.5   42.5   21.1   25.3 1008.60      36      891
2010-09-01 19:01:30    336682890  ***  ***    0.0    0.0    0.0   37.7   37.7   41.2   44.9   22.3   26.3 1008.70      36      931
2010-09-01 19:02:00    336682920  ***  ***    1.0    1.0    1.0   38.3   38.3   39.4   45.5   22.0   26.3 1008.70      36      948
2010-09-01 19:02:30    336682950  ***  ***    1.8    1.8    1.8   36.9   36.9   38.8   42.3   20.6   25.1 1008.60      37      898
2010-09-01 19:03:00    336682980  ***  ***    0.6    0.6    0.6   37.7   37.7   40.0   44.4   21.8   26.0 1008.60      37      929
2010-09-01 19:03:30    336683010  ***  ***    1.0    1.0    1.0   37.6   37.6   38.3   43.5   21.0   25.5 1008.50      37      922
2010-09-01 19:04:00    336683040  ***  ***    1.0    1.0    1.0   36.8   36.8   37.9   41.7   20.1   24.8 1008.50      37      892
2010-09-01 19:04:30    336683070  ***  ***    0.0    0.0    0.0   37.6   37.6   40.1   44.2   21.7   25.9 1008.50      37      927
2010-09-01 19:05:00    336683100  ***  ***    1.3    1.3    1.3   36.6   36.6   38.7   41.6   20.3   24.8 1008.60      37      885
2010-09-01 19:05:30    336683130  ***  ***    0.9    0.9    0.9   37.1   37.1   39.3   42.9   21.0   25.4 1008.60      37      905
2010-09-01 19:06:00    336683160  ***  ***    0.9    0.9    0.9   37.9   37.9   39.6   44.7   21.8   26.0 1008.60      37      936
2010-09-01 19:06:30    336683190  ***  ***    0.0    0.0    0.0   38.7   38.7   39.6   46.6   22.5   26.7 1008.60      37      967
2010-09-01 19:07:00    336683220  ***  ***    1.3    1.3    1.3   38.0   38.0   37.7   44.1   21.1   25.7 1008.50      37      937
2010-09-01 19:07:30    336683250  ***  ***    1.3    1.3    1.3   37.0   37.0   38.7   42.4   20.6   25.1 1008.50      37      902
2010-09-01 19:08:00    336683280  ***  ***    1.1    1.1    1.1   37.0   37.0   38.6   42.4   20.5   25.0 1008.50      37      900
2010-09-01 19:08:30    336683310  ***  ***    0.9    0.9    0.9   37.7   37.7   39.1   44.0   21.4   25.8 1008.50      37      927
2010-09-01 19:09:00    336683340  ***  ***    1.2    1.2    1.2   37.9   37.9   38.7   44.3   21.4   25.8 1008.50      37      937
2010-09-01 19:09:30    336683370  ***  ***    1.2    1.2    1.2   37.3   37.3   39.0   43.2   21.0   25.4 1008.50      37      912
2010-09-01 19:10:00    336683400  ***  ***    1.6    1.6    1.6   36.8   36.8   39.2   42.2   20.7   25.1 1008.40      38      896
2010-09-01 19:10:30    336683430  ***  ***    0.0    0.0    0.0   38.7   38.7   41.1   47.3   23.1   27.0 1008.60      37      970
2010-09-01 19:11:00    336683460  ***  ***    1.4    1.4    1.4   38.4   38.4   38.1   45.2   21.6   26.1 1008.60      37      952
2010-09-01 19:11:30    336683490  ***  ***    1.1    1.1    1.1   37.3   37.3   37.3   42.5   20.3   25.0 1008.50      37      908
2010-09-01 19:12:00    336683520  ***  ***    1.0    1.0    1.0   37.2   37.2   38.6   42.8   20.8   25.3 1008.50      37      909
2010-09-01 19:12:30    336683550  ***  ***    1.2    1.2    1.2   36.2   36.2   38.9   40.9   19.9   24.5 1008.50      37      870
2010-09-01 19:13:00    336683580  ***  ***    1.7    1.7    1.7   36.4   36.4   40.0   41.7   20.6   25.0 1008.50      37      881
2010-09-01 19:13:30    336683610  ***  ***    1.7    1.7    1.7   36.5   36.5   40.9   42.3   21.0   25.2 1008.50      37      887
2010-09-01 19:14:00    336683640  ***  ***    1.4    1.4    1.4   36.2   36.2   40.1   41.3   20.5   24.8 1008.40      38      874
2010-09-01 19:14:30    336683670  ***  ***    1.1    1.1    1.1   36.9   36.9   40.9   43.1   21.4   25.6 1008.40      38      904
2010-09-01 19:15:00    336683700  ***  ***    1.2    1.2    1.2   36.3   36.3   40.4   41.6   20.7   25.0 1008.40      38      878
2010-09-01 19:15:30    336683730  ***  ***    0.0    0.0    0.0   37.9   37.9   42.1   45.8   22.8   26.7 1008.40      38      945
2010-09-01 19:16:00    336683760  ***  ***    0.0    0.0    0.0   39.3   39.3   39.8   48.1   23.1   27.2 1008.40      38      993
2010-09-01 19:16:30    336683790  ***  ***    1.2    1.2    1.2   37.9   37.9   37.4   43.7   20.9   25.5 1008.40      38      933
2010-09-01 19:17:00    336683820  ***  ***    0.0    0.0    0.0   39.9   39.9   39.7   49.5   23.6   27.6 1008.40      38     1015
2010-09-01 19:17:30    336683850  ***  ***    1.2    1.2    1.2   38.2   38.2   37.2   44.3   21.0   25.7 1008.40      38      942
2010-09-01 19:18:00    336683880  ***  ***    1.0    1.0    1.0   38.0   38.0   38.7   44.5   21.5   25.9 1008.40      38      940
2010-09-01 19:18:30    336683910  ***  ***    0.0    0.0    0.0   38.8   38.8   40.8   47.4   23.1   27.1 1008.40      38      977
2010-09-01 19:19:00    336683940  ***  ***    0.0    0.0    0.0   38.4   38.4   38.4   45.3   21.8   26.2 1008.30      39      956
2010-09-01 19:19:30    336683970  ***  ***    1.3    1.3    1.3   38.3   38.3   37.7   44.8   21.3   25.8 1008.40      38      949
2010-09-01 19:20:00    336684000  ***  ***    1.9    1.9    1.9   35.9   35.9   37.2   39.7   19.0   23.9 1008.30      38      856
2010-09-01 19:20:30    336684030  ***  ***    1.1    1.1    1.1   36.4   36.4   40.3   41.8   20.7   25.0 1008.40      38      881
2010-09-01 19:21:00    336684060  ***  ***    1.2    1.2    1.2   36.7   36.7   39.4   42.1   20.7   25.1 1008.30      39      893
2010-09-01 19:21:30    336684090  ***  ***    0.9    0.9    0.9   37.1   37.1   39.3   42.9   20.9   25.3 1008.30      38      906
2010-09-01 19:22:00    336684120  ***  ***    1.4    1.4    1.4   36.2   36.2   38.5   40.8   19.8   24.4 1008.30      39      870
2010-09-01 19:22:30    336684150  ***  ***    0.0    0.0    0.0   38.3   38.3   40.9   46.3   22.7   26.7 1008.40      38      956
2010-09-01 19:23:00    336684180  ***  ***    0.9    0.9    0.9   37.0   37.0   38.1   42.2   20.4   25.0 1008.30      38      901
2010-09-01 19:23:30    336684210  ***  ***    0.0    0.0    0.0   37.4   37.4   39.2   43.4   21.2   25.6 1008.30      39      919
2010-09-01 19:24:00    336684240  ***  ***    1.2    1.2    1.2   36.5   36.5   38.4   41.3   20.0   24.6 1008.30      39      881
2010-09-01 19:24:30    336684270  ***  ***    0.0    0.0    0.0   38.4   38.4   40.6   46.3   22.6   26.7 1008.30      39      962
2010-09-01 19:25:00    336684300  ***  ***    0.0    0.0    0.0   37.6   37.6   38.6   43.6   21.1   25.6 1008.30      39      926
2010-09-01 19:25:30    336684330  ***  ***    0.0    0.0    0.0   38.2   38.2   39.2   45.3   21.9   26.2 1008.30      38      949
2010-09-01 19:26:00    336684360  ***  ***    1.4    1.4    1.4   37.4   37.4   39.2   43.4   21.2   25.6 1008.30      39      918
2010-09-01 19:26:30    336684390  ***  ***    0.0    0.0    0.0   38.4   38.4   41.5   46.7   23.0   26.9 1008.30      39      963
2010-09-01 19:27:00    336684420  ***  ***    0.0    0.0    0.0   38.7   38.7   38.9   46.2   22.1   26.4 1008.30      38      967
2010-09-01 19:27:30    336684450  ***  ***    0.8    0.8    0.8   38.0   38.0   38.6   44.5   21.4   25.8 1008.30      39      942
2010-09-01 19:28:00    336684480  ***  ***    1.6    1.6    1.6   37.5   37.5   38.6   43.4   21.0   25.5 1008.30      39      922
2010-09-01 19:28:30    336684510  ***  ***    1.3    1.3    1.3   36.1   36.1   38.4   40.5   19.7   24.4 1008.30      39      866
2010-09-01 19:29:00    336684540  ***  ***    0.9    0.9    0.9   35.9   35.9   40.8   41.0   20.6   24.8 1008.20      39      869
2010-09-01 19:29:30    336684570  ***  ***    1.5    1.5    1.5   34.5   34.5   41.5   38.3   19.5   23.8 1008.10      40      814
2010-09-01 19:30:00    336684600  ***  ***    0.8    0.8    0.8   33.7   33.7   43.1   37.1   19.4   23.5 1008.00      41      789
2010-09-01 19:30:30    336684630  ***  ***    1.2    1.2    1.2   33.2   33.2   44.5   36.6   19.5   23.5 1008.10      41      773
2010-09-01 19:31:00    336684660  ***  ***    0.6    0.6    0.6   34.7   34.7   46.1   40.1   21.4   25.0 1008.20      40      831
2010-09-01 19:31:30    336684690  ***  ***    0.9    0.9    0.8   35.5   35.5   43.6   41.1   21.2   25.1 1008.10      40      860
2010-09-01 19:32:00    336684720  ***  ***    1.4    1.4    1.4   36.2   36.2   41.7   41.9   21.1   25.2 1008.20      39      881
2010-09-01 19:32:30    336684750  ***  ***    0.0    0.0    0.0   36.5   36.5   42.2   42.7   21.6   25.6 1008.20      40      894
2010-09-01 19:33:00    336684780  ***  ***    1.1    1.1    1.1   36.0   36.0   39.9   40.8   20.2   24.6 1008.20      40      869
2010-09-01 19:33:30    336684810  ***  ***    1.4    1.4    1.4   37.0   37.0   42.2   43.8   22.1   26.0 1008.20      40      912
2010-09-01 19:34:00    336684840  ***  ***    1.2    1.2    1.2   36.2   36.2   40.7   41.5   20.7   25.0 1008.20      40      878
2010-09-01 19:34:30    336684870  ***  ***    0.0    0.0    0.0   36.4   36.4   41.6   42.2   21.3   25.3 1008.20      40      890
2010-09-01 19:35:00    336684900  ***  ***    0.9    0.9    0.9   36.9   36.9   40.8   43.0   21.4   25.6 1008.10      40      907
2010-09-01 19:35:30    336684930  ***  ***    0.0    0.0    0.0   37.3   37.3   41.6   44.1   22.1   26.1 1008.20      40      925
2010-09-01 19:36:00    336684960  ***  ***    1.1    1.1    1.1   36.6   36.6   39.7   42.0   20.7   25.0 1008.20      40      891
2010-09-01 19:36:30    336684990  ***  ***    0.7    0.7    0.7   36.9   36.9   40.8   43.0   21.4   25.6 1008.20      40      905
2010-09-01 19:37:00    336685020  ***  ***    0.9    0.9    0.9   36.3   36.3   40.9   41.8   20.9   25.1 1008.10      41      885
2010-09-01 19:37:30    336685050  ***  ***    0.0    0.0    0.0   38.1   38.1   43.7   47.0   23.6   27.2 1008.10      40      961
2010-09-01 19:38:00    336685080  ***  ***    0.8    0.8    0.8   38.2   38.2   39.0   45.2   21.8   26.1 1008.10      41      949
2010-09-01 19:38:30    336685110  ***  ***    1.0    1.0    1.0   37.2   37.2   39.4   43.1   21.1   25.4 1008.10      40      912
2010-09-01 19:39:00    336685140  ***  ***    0.9    0.9    0.9   37.6   37.6   40.3   44.3   21.8   26.0 1008.10      40      932
2010-09-01 19:39:30    336685170  ***  ***    0.9    0.9    0.9   37.5   37.5   40.5   44.2   21.9   26.0 1008.10      41      931
2010-09-01 19:40:00    336685200  ***  ***    0.8    0.8    0.8   37.6   37.6   41.1   44.6   22.1   26.2 1008.10      41      933
2010-09-01 19:40:30    336685230  ***  ***    0.0    0.0    0.0   38.5   38.5   41.1   46.8   22.9   26.8 1008.10      40      969
2010-09-01 19:41:00    336685260  ***  ***    0.0    0.0    0.0   38.8   38.8   40.4   47.2   22.9   26.9 1008.10      41      978
2010-09-01 19:41:30    336685290  ***  ***    0.0    0.0    0.0   39.6   39.6   40.8   49.3   23.8   27.7 1008.00      41     1010
2010-09-01 19:42:00    336685320  ***  ***    0.0    0.0    0.0   39.2   39.2   39.4   47.6   22.9   27.0 1008.10      40      990
2010-09-01 19:42:30    336685350  ***  ***    0.0    0.0    0.0   39.8   39.8   38.8   48.8   23.1   27.3 1008.00      41     1013
2010-09-01 19:43:00    336685380  ***  ***    0.0    0.0    0.0   37.6   37.6   37.2   43.0   20.5   25.2 1008.00      41      925
2010-09-01 19:43:30    336685410  ***  ***    1.1    1.1    1.1   36.9   36.9   38.6   42.2   20.5   25.0 1008.00      41      905
2010-09-01 19:44:00    336685440  ***  ***    0.0    0.0    0.0   37.6   37.6   42.2   45.1   22.5   26.4 1008.10      41      935
2010-09-01 19:44:30    336685470  ***  ***    1.3    1.3    1.3   36.7   36.7   40.0   42.3   20.9   25.2 1008.00      41      897
2010-09-01 19:45:00    336685500  ***  ***    1.1    1.1    1.0   36.0   36.0   40.0   40.9   20.3   24.7 1008.00      41      870
2010-09-01 19:45:30    336685530  ***  ***    0.9    0.9    0.8   36.5   36.5   40.9   42.3   21.0   25.2 1008.00      41      891
2010-09-01 19:46:00    336685560  ***  ***    0.0    0.0    0.0   37.6   37.6   41.7   44.9   22.4   26.4 1008.00      41      937
2010-09-01 19:46:30    336685590  ***  ***    0.9    0.9    0.9   37.0   37.0   41.1   43.3   21.6   25.7 1008.10      41      911
2010-09-01 19:47:00    336685620  ***  ***    0.0    0.0    0.0   37.7   37.7   42.6   45.6   22.8   26.6 1008.00      41      944
2010-09-01 19:47:30    336685650  ***  ***    0.0    0.0    0.0   38.4   38.4   40.7   46.4   22.7   26.7 1008.10      41      964
2010-09-01 19:48:00    336685680  ***  ***    0.6    0.6    0.6   38.5   38.5   40.2   46.4   22.5   26.6 1008.10      41      965
2010-09-01 19:48:30    336685710  ***  ***    0.0    0.0    0.0   38.2   38.2   39.0   45.2   21.8   26.1 1008.00      41      952
2010-09-01 19:49:00    336685740  ***  ***    1.3    1.3    1.3   38.6   38.6   40.0   46.6   22.6   26.7 1008.10      40      970
2010-09-01 19:49:30    336685770  ***  ***    0.9    0.9    0.9   36.9   36.9   38.5   42.2   20.4   25.0 1008.00      41      901
2010-09-01 19:50:00    336685800  ***  ***    0.0    0.0    0.0   38.5   38.5   41.4   47.0   23.0   26.9 1008.00      41      969
2010-09-01 19:50:30    336685830  ***  ***    0.0    0.0    0.0   39.1   39.1   40.3   47.9   23.2   27.2 1008.10      40      990
2010-09-01 19:51:00    336685860  ***  ***    0.8    0.8    0.8   38.4   38.4   37.6   45.0   21.4   25.9 1008.00      41      959
2010-09-01 19:51:30    336685890  ***  ***    0.8    0.8    0.8   38.2   38.2   38.5   44.9   21.6   26.0 1007.90      42      953
2010-09-01 19:52:00    336685920  ***  ***    2.0    2.0    2.0   36.7   36.7   37.5   41.4   19.9   24.6 1007.90      42      892
2010-09-01 19:52:30    336685950  ***  ***    0.8    0.8    0.8   37.1   37.1   40.8   43.4   21.6   25.7 1007.90      42      917
2010-09-01 19:53:00    336685980  ***  ***    1.2    1.2    1.2   37.4   37.4   40.7   44.0   21.8   25.9 1007.90      42      929
2010-09-01 19:53:30    336686010  ***  ***    0.9    0.9    0.9   37.4   37.4   40.4   43.8   21.7   25.9 1007.90      42      926
2010-09-01 19:54:00    336686040  ***  ***    0.0    0.0    0.0   37.0   37.0   41.0   43.3   21.6   25.7 1007.90      42      913
2010-09-01 19:54:30    336686070  ***  ***    0.0    0.0    0.0   36.5   36.5   41.3   42.4   21.3   25.4 1007.80      42      895
2010-09-01 19:55:00    336686100  ***  ***    0.8    0.8    0.8   36.6   36.6   41.3   42.6   21.3   25.4 1007.90      42      897
2010-09-01 19:55:30    336686130  ***  ***    1.1    1.1    1.1   36.8   36.8   41.0   42.9   21.4   25.5 1007.90      42      904
2010-09-01 19:56:00    336686160  ***  ***    0.0    0.0    0.0   37.2   37.2   42.3   44.2   22.2   26.1 1007.90      42      922
2010-09-01 19:56:30    336686190  ***  ***    0.0    0.0    0.0   39.4   39.4   42.1   49.5   24.1   27.8 1007.90      42     1006
2010-09-01 19:57:00    336686220  ***  ***    0.0    0.0    0.0   37.6   37.6   38.5   43.6   21.1   25.6 1007.80      43      928
2010-09-01 19:57:30    336686250  ***  ***    0.0    0.0    0.0   36.9   36.9   40.5   42.9   21.3   25.5 1007.80      43      908
2010-09-01 19:58:00    336686280  ***  ***    0.0    0.0    0.0   36.4   36.4   41.1   42.1   21.0   25.2 1007.80      43      889
2010-09-01 19:58:30    336686310  ***  ***    1.0    1.0    1.0   35.0   35.0   41.1   39.2   19.9   24.2 1007.80      42      838
2010-09-01 19:59:00    336686340  ***  ***    0.0    0.0    0.0   36.7   36.7   42.7   43.3   22.0   25.9 1007.90      42      906
2010-09-01 19:59:30    336686370  ***  ***    1.4    1.4    1.4   34.5   34.5   41.4   38.2   19.5   23.8 1007.70      43      818
2010-09-01 20:00:00    336686400  ***  ***    0.0    0.0    0.0   35.8   35.8   43.3   41.6   21.4   25.3 1007.80      42      874
2010-09-01 20:00:30    336686430  ***  ***    1.8    1.8    1.8   35.2   35.2   42.3   40.0   20.4   24.5 1007.90      42      845
2010-09-01 20:01:00    336686460  ***  ***    1.7    1.7    1.7   34.9   34.9   41.3   39.0   19.9   24.1 1007.90      42      833
2010-09-01 20:01:30    336686490  ***  ***    1.1    1.1    1.1   35.2   35.2   42.0   39.9   20.3   24.4 1007.80      43      847
2010-09-01 20:02:00    336686520  ***  ***    0.0    0.0    0.0   36.7   36.7   42.5   43.3   21.9   25.8 1007.80      42      905
2010-09-01 20:02:30    336686550  ***  ***    0.0    0.0    0.0   36.7   36.7   42.1   43.1   21.7   25.7 1007.90      42      904
2010-09-01 20:03:00    336686580  ***  ***    1.0    1.0    1.0   35.8   35.8   40.4   40.6   20.3   24.6 1007.90      42      865
2010-09-01 20:03:30    336686610  ***  ***    1.0    1.0    1.0   35.7   35.7   41.5   40.8   20.6   24.8 1007.90      42      863
2010-09-01 20:04:00    336686640  ***  ***    0.0    0.0    0.0   36.4   36.4   42.5   42.6   21.6   25.6 1007.80      42      895
2010-09-01 20:04:30    336686670  ***  ***    0.0    0.0    0.0   36.7   36.7   41.8   43.0   21.6   25.6 1007.80      43      905
2010-09-01 20:05:00    336686700  ***  ***    0.9    0.9    0.9   36.4   36.4   42.0   42.4   21.5   25.5 1007.80      43      895
2010-09-01 20:05:30    336686730  ***  ***    0.0    0.0    0.0   36.7   36.7   41.5   42.9   21.5   25.6 1007.80      43      906
2010-09-01 20:06:00    336686760  ***  ***    0.9    0.9    0.9   36.2   36.2   40.8   41.6   20.8   25.0 1007.80      43      885
2010-09-01 20:06:30    336686790  ***  ***    0.0    0.0    0.0   37.0   37.0   41.6   43.5   21.8   25.8 1007.80      43      916
2010-09-01 20:07:00    336686820  ***  ***    0.8    0.8    0.8   36.7   36.7   41.3   42.8   21.4   25.5 1007.70      43      903
2010-09-01 20:07:30    336686850  ***  ***    0.0    0.0    0.0   37.8   37.8   41.2   45.2   22.3   26.3 1007.70      43      945
2010-09-01 20:08:00    336686880  ***  ***    0.0    0.0    0.0   39.2   39.2   41.3   48.6   23.7   27.5 1007.70      44     1000
2010-09-01 20:08:30    336686910  ***  ***    0.7    0.7    0.7   37.8   37.8   39.3   44.3   21.5   25.9 1007.70      44      938
2010-09-01 20:09:00    336686940  ***  ***    0.0    0.0    0.0   38.5   38.5   39.6   46.1   22.3   26.5 1007.70      43      968
2010-09-01 20:09:30    336686970  ***  ***    1.1    1.1    1.1   36.8   36.8   38.1   41.8   20.2   24.8 1007.60      44      900
2010-09-01 20:10:00    336687000  ***  ***    0.0    0.0    0.0   37.2   37.2   40.9   43.7   21.7   25.8 1007.70      43      924
2010-09-01 20:10:30    336687030  ***  ***    0.9    0.9    0.9   37.3   37.3   41.6   44.1   22.0   26.0 1007.80      43      926
2010-09-01 20:11:00    336687060  ***  ***    1.9    1.9    1.9   35.9   35.9   39.8   40.6   20.1   24.5 1007.70      44      870
2010-09-01 20:11:30    336687090  ***  ***    1.3    1.3    1.3   35.8   35.8   41.6   41.0   20.7   24.9 1007.60      44      871
2010-09-01 20:12:00    336687120  ***  ***    0.0    0.0    0.0   36.5   36.5   43.3   43.1   22.0   25.8 1007.70      44      901
2010-09-01 20:12:30    336687150  ***  ***    1.0    1.0    1.0   36.0   36.0   41.6   41.4   20.9   25.0 1007.70      44      878
2010-09-01 20:13:00    336687180  ***  ***    0.0    0.0    0.0   37.3   37.3   42.8   44.6   22.5   26.4 1007.80      43      928
2010-09-01 20:13:30    336687210  ***  ***    0.0    0.0    0.0   37.4   37.4   41.6   44.3   22.2   26.2 1007.70      43      934
2010-09-01 20:14:00    336687240  ***  ***    0.8    0.8    0.8   36.5   36.5   40.1   41.9   20.8   25.1 1007.70      44      895
2010-09-01 20:14:30    336687270  ***  ***    1.6    1.6    1.6   35.6   35.6   40.0   40.1   19.9   24.3 1007.70      44      859
2010-09-01 20:15:00    336687300  ***  ***    1.6    1.6    1.6   35.5   35.5   41.6   40.4   20.5   24.7 1007.70      43      860
2010-09-01 20:15:30    336687330  ***  ***    0.0    0.0    0.0   37.0   37.0   42.8   44.0   22.3   26.1 1007.80      43      918
2010-09-01 20:16:00    336687360  ***  ***    0.9    0.9    0.9   36.5   36.5   42.4   42.8   21.6   25.6 1007.80      43      897
2010-09-01 20:16:30    336687390  ***  ***    1.2    1.2    1.2   36.6   36.6   41.7   42.7   21.5   25.6 1007.70      44      900
2010-09-01 20:17:00    336687420  ***  ***    0.0    0.0    0.0   37.5   37.5   41.2   44.5   22.1   26.1 1007.80      43      932
2010-09-01 20:17:30    336687450  ***  ***    0.8    0.8    0.8   36.6   36.6   40.4   42.2   21.0   25.2 1007.70      43      898
2010-09-01 20:18:00    336687480  ***  ***    0.0    0.0    0.0   37.2   37.2   41.6   43.9   22.0   26.0 1007.80      43      924
2010-09-01 20:18:30    336687510  ***  ***    0.9    0.9    0.9   38.1   38.1   41.8   46.1   22.9   26.8 1007.80      43      961
2010-09-01 20:19:00    336687540  ***  ***    1.5    1.5    1.5   37.0   37.0   39.3   42.7   20.9   25.3 1007.80      43      911
2010-09-01 20:19:30    336687570  ***  ***    0.0    0.0    0.0   37.5   37.5   39.4   43.7   21.3   25.6 1007.70      43      928
2010-09-01 20:20:00    336687600  ***  ***    1.9    1.9    1.9   35.7   35.7   38.9   39.9   19.6   24.2 1007.60      44      862
2010-09-01 20:20:30    336687630  ***  ***    0.9    0.9    0.9   35.9   35.9   41.1   41.1   20.6   24.8 1007.70      44      874
2010-09-01 20:21:00    336687660  ***  ***    1.5    1.5    1.5   35.8   35.8   40.7   40.7   20.4   24.7 1007.70      44      869
2010-09-01 20:21:30    336687690  ***  ***    0.0    0.0    0.0   35.6   35.6   41.8   40.7   20.6   24.8 1007.60      44      863
2010-09-01 20:22:00    336687720  ***  ***    1.5    1.5    1.5   35.5   35.5   41.5   40.4   20.4   24.6 1007.70      44      859
2010-09-01 20:22:30    336687750  ***  ***    0.9    0.9    0.9   35.8   35.8   42.1   41.2   20.9   25.0 1007.60      44      871
2010-09-01 20:23:00    336687780  ***  ***    0.0    0.0    0.0   36.5   36.5   43.1   43.1   21.9   25.8 1007.70      44      900
2010-09-01 20:23:30    336687810  ***  ***    0.7    0.7    0.7   37.2   37.2   41.7   44.0   22.0   26.0 1007.80      43      923
2010-09-01 20:24:00    336687840  ***  ***    0.0    0.0    0.0   37.2   37.2   40.5   43.5   21.5   25.7 1007.80      43      921
2010-09-01 20:24:30    336687870  ***  ***    0.0    0.0    0.0   37.4   37.4   40.7   44.0   21.7   25.9 1007.80      43      928
2010-09-01 20:25:00    336687900  ***  ***    0.8    0.8    0.8   37.4   37.4   40.8   44.0   21.9   26.0 1007.80      43      931
2010-09-01 20:25:30    336687930  ***  ***    1.2    1.2    1.2   36.3   36.3   40.1   41.5   20.6   24.9 1007.80      43      885
2010-09-01 20:26:00    336687960  ***  ***    0.9    0.9    0.8   36.2   36.2   41.4   41.8   21.0   25.1 1007.80      43      882
2010-09-01 20:26:30    336687990  ***  ***    0.0    0.0    0.0   36.4   36.4   41.1   42.1   21.1   25.2 1007.80      43      892
2010-09-01 20:27:00    336688020  ***  ***    1.2    1.2    1.2   36.6   36.6   40.9   42.5   21.2   25.4 1007.80      43      899
2010-09-01 20:27:30    336688050  ***  ***    0.0    0.0    0.0   36.8   36.8   41.3   43.0   21.5   25.6 1007.80      43      905
2010-09-01 20:28:00    336688080  ***  ***    1.1    1.1    1.1   36.7   36.7   40.5   42.5   21.1   25.3 1007.80      43      904
2010-09-01 20:28:30    336688110  ***  ***    0.0    0.0    0.0   36.2   36.2   40.5   41.5   20.6   24.9 1007.70      44      881
2010-09-01 20:29:00    336688140  ***  ***    1.5    1.5    1.5   34.4   34.4   40.5   37.8   19.1   23.5 1007.60      44      817
2010-09-01 20:29:30    336688170  ***  ***    0.8    0.8    0.8   34.8   34.8   43.3   39.4   20.5   24.5 1007.50      45      836
2010-09-01 20:30:00    336688200  ***  ***    1.2    1.2    1.2   34.3   34.3   43.0   38.3   19.9   24.0 1007.60      45      816
2010-09-01 20:30:30    336688230  ***  ***    1.6    1.6    1.6   33.2   33.2   44.4   36.5   19.4   23.4 1007.50      45      777
2010-09-01 20:31:00    336688260  ***  ***    0.0    0.0    0.0   33.9   33.9   47.1   38.7   21.0   24.6 1007.60      44      809
2010-09-01 20:31:30    336688290  ***  ***    0.0    0.0    0.0   35.6   35.6   47.8   42.9   22.9   26.2 1007.70      44      878
2010-09-01 20:32:00    336688320  ***  ***    0.9    0.9    0.9   35.7   35.7   43.7   41.5   21.4   25.2 1007.70      44      871
2010-09-01 20:32:30    336688350  ***  ***    0.0    0.0    0.0   35.1   35.1   42.1   39.7   20.3   24.4 1007.60      44      846
2010-09-01 20:33:00    336688380  ***  ***    1.6    1.6    1.6   35.1   35.1   42.0   39.7   20.3   24.4 1007.60      44      846
2010-09-01 20:33:30    336688410  ***  ***    1.1    1.1    1.1   35.6   35.6   42.1   40.8   20.8   24.9 1007.70      44      864
2010-09-01 20:34:00    336688440  ***  ***    0.0    0.0    0.0   37.6   37.6   43.3   45.5   22.9   26.7 1007.70      44      942
2010-09-01 20:34:30    336688470  ***  ***    0.0    0.0    0.0   37.2   37.2   40.7   43.6   21.6   25.8 1007.70      44      922
2010-09-01 20:35:00    336688500  ***  ***    0.0    0.0    0.0   38.4   38.4   41.3   46.6   22.9   26.8 1007.70      44      968
2010-09-01 20:35:30    336688530  ***  ***    0.0    0.0    0.0   37.1   37.1   39.3   42.9   20.9   25.3 1007.60      44      913
2010-09-01 20:36:00    336688560  ***  ***    1.1    1.1    1.1   35.6   35.6   40.1   40.1   20.0   24.4 1007.60      44      860
2010-09-01 20:36:30    336688590  ***  ***    1.0    1.0    1.0   35.5   35.5   40.9   40.2   20.1   24.4 1007.60      44      856
2010-09-01 20:37:00    336688620  ***  ***    1.1    1.1    1.1   36.3   36.3   43.1   42.6   21.8   25.7 1007.60      44      895
2010-09-01 20:37:30    336688650  ***  ***    0.0    0.0    0.0   36.2   36.2   42.4   42.1   21.4   25.4 1007.50      46      889
2010-09-01 20:38:00    336688680  ***  ***    0.0    0.0    0.0   34.7   34.7   42.8   39.0   20.2   24.3 1007.40      46      834
2010-09-01 20:38:30    336688710  ***  ***    0.9    0.9    0.9   33.2   33.2   43.9   36.4   19.2   23.3 1007.30      47      778
2010-09-01 20:39:00    336688740  ***  ***    0.0    0.0    0.0   34.0   34.0   46.9   38.9   21.0   24.6 1007.50      46      813
2010-09-01 20:39:30    336688770  ***  ***    0.0    0.0    0.0   34.4   34.4   46.5   39.6   21.2   24.8 1007.40      46      827
2010-09-01 20:40:00    336688800  ***  ***    0.0    0.0    0.0   35.2   35.2   46.5   41.4   22.0   25.5 1007.50      45      860
2010-09-01 20:40:30    336688830  ***  ***    0.0    0.0    0.0   35.5   35.5   44.8   41.5   21.7   25.4 1007.60      45      868
2010-09-01 20:41:00    336688860  ***  ***    1.5    1.5    1.5   33.9   33.9   42.7   37.4   19.5   23.7 1007.40      46      803
2010-09-01 20:41:30    336688890  ***  ***    1.2    1.2    1.2   33.8   33.8   45.3   38.0   20.3   24.1 1007.40      46      803
2010-09-01 20:42:00    336688920  ***  ***    0.0    0.0    0.0   35.9   35.9   46.6   43.1   22.7   26.1 1007.50      45      888
2010-09-01 20:42:30    336688950  ***  ***    0.0    0.0    0.0   35.7   35.7   43.4   41.4   21.3   25.2 1007.50      45      871
2010-09-01 20:43:00    336688980  ***  ***    0.0    0.0    0.0   35.8   35.8   43.1   41.5   21.3   25.2 1007.40      46      877
2010-09-01 20:43:30    336689010  ***  ***    0.0    0.0    0.0   34.1   34.1   42.7   37.8   19.6   23.8 1007.40      46      812
2010-09-01 20:44:00    336689040  ***  ***    1.0    1.0    1.0   34.0   34.0   43.6   37.9   19.9   23.9 1007.40      46      809
2010-09-01 20:44:30    336689070  ***  ***    1.7    1.7    1.6   33.3   33.3   44.9   36.8   19.7   23.6 1007.40      46      784
2010-09-01 20:45:00    336689100  ***  ***    1.0    1.0    1.0   33.5   33.5   45.7   37.5   20.2   24.0 1007.50      45      792
2010-09-01 20:45:30    336689130  ***  ***    0.8    0.8    0.8   34.1   34.1   45.1   38.5   20.5   24.3 1007.60      45      812
2010-09-01 20:46:00    336689160  ***  ***    0.0    0.0    0.0   34.8   34.8   44.6   39.8   21.0   24.8 1007.50      45      842
2010-09-01 20:46:30    336689190  ***  ***    0.0    0.0    0.0   35.9   35.9   44.2   42.1   21.8   25.6 1007.50      45      883
2010-09-01 20:47:00    336689220  ***  ***    0.0    0.0    0.0   35.9   35.9   42.6   41.6   21.2   25.2 1007.50      45      881
2010-09-01 20:47:30    336689250  ***  ***    0.0    0.0    0.0   36.0   36.0   42.3   41.7   21.2   25.2 1007.60      45      880
2010-09-01 20:48:00    336689280  ***  ***    0.0    0.0    0.0   35.0   35.0   42.3   39.5   20.3   24.4 1007.50      45      842
2010-09-01 20:48:30    336689310  ***  ***    0.0    0.0    0.0   34.9   34.9   43.1   39.6   20.5   24.5 1007.60      44      840
2010-09-01 20:49:00    336689340  ***  ***    0.0    0.0    0.0   35.8   35.8   43.5   41.6   21.5   25.3 1007.60      44      877
2010-09-01 20:49:30    336689370  ***  ***    1.4    1.4    1.4   35.0   35.0   41.9   39.4   20.1   24.3 1007.50      45      842
2010-09-01 20:50:00    336689400  ***  ***    0.0    0.0    0.0   34.9   34.9   42.6   39.4   20.3   24.4 1007.60      44      839
2010-09-01 20:50:30    336689430  ***  ***    0.9    0.9    0.9   34.7   34.7   43.0   39.1   20.2   24.3 1007.50      45      831
2010-09-01 20:51:00    336689460  ***  ***    1.4    1.4    1.3   34.6   34.6   43.5   39.0   20.3   24.3 1007.50      45      828
2010-09-01 20:51:30    336689490  ***  ***    1.1    1.1    1.1   34.7   34.7   43.4   39.2   20.5   24.4 1007.50      46      834
2010-09-01 20:52:00    336689520  ***  ***    1.3    1.3    1.3   34.9   34.9   44.3   40.0   21.0   24.8 1007.60      45      842
2010-09-01 20:52:30    336689550  ***  ***    0.0    0.0    0.0   36.3   36.3   43.6   42.8   22.0   25.8 1007.40      46      899
2010-09-01 20:53:00    336689580  ***  ***    1.0    1.0    1.0   35.4   35.4   42.0   40.3   20.5   24.6 1007.50      46      856
2010-09-01 20:53:30    336689610  ***  ***    1.6    1.6    1.6   34.5   34.5   42.8   38.6   20.0   24.1 1007.50      46      825
2010-09-01 20:54:00    336689640  ***  ***    1.6    1.6    1.6   34.6   34.6   44.6   39.3   20.7   24.6 1007.40      46      832
2010-09-01 20:54:30    336689670  ***  ***    1.1    1.1    1.1   34.6   34.6   44.1   39.2   20.6   24.5 1007.50      45      830
2010-09-01 20:55:00    336689700  ***  ***    1.2    1.2    1.2   35.0   35.0   44.0   40.1   20.9   24.8 1007.50      45      847
2010-09-01 20:55:30    336689730  ***  ***    0.0    0.0    0.0   35.4   35.4   45.0   41.3   21.7   25.4 1007.50      45      865
2010-09-01 20:56:00    336689760  ***  ***    0.0    0.0    0.0   36.0   36.0   46.2   43.2   22.6   26.1 1007.50      45      889
2010-09-01 20:56:30    336689790  ***  ***    1.0    1.0    1.0   35.7   35.7   42.7   41.2   21.1   25.1 1007.60      45      870
2010-09-01 20:57:00    336689820  ***  ***    0.0    0.0    0.0   35.9   35.9   42.9   41.7   21.3   25.2 1007.50      45      878
2010-09-01 20:57:30    336689850  ***  ***    1.1    1.1    1.1   35.4   35.4   42.4   40.4   20.7   24.8 1007.50      45      859
2010-09-01 20:58:00    336689880  ***  ***    1.2    1.2    1.2   35.6   35.6   42.9   41.1   21.0   25.0 1007.50      45      867
2010-09-01 20:58:30    336689910  ***  ***    0.0    0.0    0.0   36.3   36.3   43.5   42.7   21.9   25.7 1007.50      46      898
2010-09-01 20:59:00    336689940  ***  ***    1.0    1.0    1.0   35.6   35.6   42.6   41.0   20.9   24.9 1007.40      46      867
2010-09-01 20:59:30    336689970  ***  ***    0.9    0.9    0.9   34.3   34.3   43.1   38.3   20.0   24.1 1007.40      46      819
2010-09-01 21:00:00    336690000  ***  ***    0.0    0.0    0.0   35.6   35.6   45.5   41.9   22.0   25.6 1007.50      45      874
2010-09-01 21:00:30    336690030  ***  ***    8.0    8.0    8.0   32.7   32.7   43.1   35.3   18.5   22.7 1007.20      48      759
2010-09-01 21:01:00    336690060  ***  ***    1.4    1.4    1.4   30.5   30.5   45.5   31.8   17.4   21.5 1007.20      48      681
2010-09-01 21:01:30    336690090  ***  ***    0.0    0.0    0.0   31.6   31.6   54.6   35.9   21.4   24.2 1007.40      46      739
2010-09-01 21:02:00    336690120  ***  ***    0.0    0.0    0.0   32.6   32.6   52.7   37.7   21.7   24.7 1007.40      46      774
2010-09-01 21:02:30    336690150  ***  ***    0.0    0.0    0.0   32.0   32.0   53.0   36.4   21.3   24.2 1007.30      47      752
2010-09-01 21:03:00    336690180  ***  ***    0.0    0.0    0.0   31.8   31.8   52.1   35.7   20.7   23.8 1007.40      46      739
2010-09-01 21:03:30    336690210  ***  ***    0.0    0.0    0.0   32.9   32.9   50.0   37.6   21.1   24.3 1007.40      46      780
2010-09-01 21:04:00    336690240  ***  ***    0.0    0.0    0.0   33.0   33.0   58.7   40.4   23.8   26.1 1007.30      47      801
2010-09-01 21:04:30    336690270  ***  ***    0.0    0.0    0.0   34.3   34.3   60.0   44.2   25.4   27.6 1007.10      48      856
2010-09-01 21:05:00    336690300  ***  ***    0.0    0.0    0.0   34.9   34.9   61.4   46.5   26.4   28.4 1007.60      45      879
2010-09-01 21:05:30    336690330  ***  ***    0.0    0.0    0.0   33.3   33.3   48.0   37.8   20.9   24.3 1007.30      47      792
2010-09-01 21:06:00    336690360  ***  ***    0.0    0.0    0.0   33.2   33.2   45.5   36.8   19.8   23.7 1007.40      46      780
2010-09-01 21:06:30    336690390  ***  ***    0.0    0.0    0.0   33.9   33.9   48.4   39.2   21.4   24.8 1007.40      46      812
