; ENVI Output of ROIs (4.8) [Tue Mar 11 09:34:14 2014]
; Number of ROIs: 13
; File Dimension: 988 x 3329
;
; ROI name: 9
; ROI rgb value: {255, 0, 0}
; ROI npts: 30
;
; ROI name: 8
; ROI rgb value: {0, 255, 0}
; ROI npts: 7
;
; ROI name: 6
; ROI rgb value: {0, 0, 255}
; ROI npts: 23
;
; ROI name: 7
; ROI rgb value: {255, 255, 0}
; ROI npts: 14
;
; ROI name: 4
; ROI rgb value: {0, 255, 255}
; ROI npts: 48
;
; ROI name: 5
; ROI rgb value: {255, 0, 255}
; ROI npts: 24
;
; ROI name: 3
; ROI rgb value: {176, 48, 96}
; ROI npts: 20
;
; ROI name: 2
; ROI rgb value: {255, 127, 80}
; ROI npts: 30
;
; ROI name: 1
; ROI rgb value: {127, 255, 212}
; ROI npts: 13
;
; ROI name: 13
; ROI rgb value: {218, 112, 214}
; ROI npts: 37
;
; ROI name: 12
; ROI rgb value: {160, 82, 45}
; ROI npts: 107
;
; ROI name: 11
; ROI rgb value: {127, 255, 0}
; ROI npts: 26
;
; ROI name: 10
; ROI rgb value: {216, 191, 216}
; ROI npts: 73
;  ID    X     Y      Map X       Map Y        Lat         Lon   B1   B2   B3
    1  211  2288  402579.16  3283733.50  29.679838  -82.006847  188  103  166
    2  210  2289  402575.86  3283730.20  29.679808  -82.006881  183  100  161
    3  211  2289  402579.16  3283730.20  29.679808  -82.006847  221  138  198
    4  209  2289  402572.56  3283730.20  29.679807  -82.006915  166  123  153
    5  207  2290  402565.96  3283726.90  29.679777  -82.006983  197  105  157
    6  208  2290  402569.26  3283726.90  29.679777  -82.006949  193  102  152
    7  209  2290  402572.56  3283726.90  29.679778  -82.006915  168  124  155
    8  210  2290  402575.86  3283726.90  29.679778  -82.006881  203  113  192
    9  211  2290  402579.16  3283726.90  29.679778  -82.006846  255  121  204
   10  208  2291  402569.26  3283723.60  29.679748  -82.006949  189  110  168
   11  209  2291  402572.56  3283723.60  29.679748  -82.006914  168  124  155
   12  210  2291  402575.86  3283723.60  29.679748  -82.006880  200  111  189
   13  211  2291  402579.16  3283723.60  29.679748  -82.006846  255  116  195
   14  207  2291  402565.96  3283723.60  29.679747  -82.006983  182  101  167
   15  207  2292  402565.96  3283720.30  29.679718  -82.006982  181  100  166
   16  208  2292  402569.26  3283720.30  29.679718  -82.006948  187  109  165
   17  209  2292  402572.56  3283720.30  29.679718  -82.006914  212  107  190
   18  210  2292  402575.86  3283720.30  29.679718  -82.006880  255  115  218
   19  211  2292  402579.16  3283720.30  29.679719  -82.006846  255  138  188
   20  205  2293  402559.36  3283717.00  29.679687  -82.007050  204  132  203
   21  206  2293  402562.66  3283717.00  29.679687  -82.007016  220  136  187
   22  207  2293  402565.96  3283717.00  29.679688  -82.006982  185  102  170
   23  208  2293  402569.26  3283717.00  29.679688  -82.006948  187  109  166
   24  209  2293  402572.56  3283717.00  29.679688  -82.006914  210  107  188
   25  210  2293  402575.86  3283717.00  29.679689  -82.006880  255  116  219
   26  211  2293  402579.16  3283717.00  29.679689  -82.006846  252  136  185
   27  206  2294  402562.66  3283713.70  29.679658  -82.007016  227  141  193
   28  205  2294  402559.36  3283713.70  29.679657  -82.007050  194  124  190
   29  206  2295  402562.66  3283710.40  29.679628  -82.007016  209  128  175
   30  205  2295  402559.36  3283710.40  29.679628  -82.007050  189  121  184

   1  207  2300  402565.96  3283693.90  29.679479  -82.006980  187   92  161
   2  206  2300  402562.66  3283693.90  29.679479  -82.007014  235  102  212
   3  206  2301  402562.66  3283690.60  29.679449  -82.007014  232  101  197
   4  207  2301  402565.96  3283690.60  29.679450  -82.006980  236  103  201
   5  205  2301  402559.36  3283690.60  29.679449  -82.007048  247  108  226
   6  207  2302  402565.96  3283687.30  29.679420  -82.006979  253  106  194
   7  206  2302  402562.66  3283687.30  29.679419  -82.007013  235  103  200

    1  206  2316  402562.66  3283641.10  29.679003  -82.007009  133   85  106
    2  205  2316  402559.36  3283641.10  29.679002  -82.007043  155   88  117
    3  206  2317  402562.66  3283637.80  29.678973  -82.007009  229  108  144
    4  205  2317  402559.36  3283637.80  29.678973  -82.007043  182  102  135
    5  205  2318  402559.36  3283634.50  29.678943  -82.007043  209  128  159
    6  206  2318  402562.66  3283634.50  29.678943  -82.007009  255  127  174
    7  207  2318  402565.96  3283634.50  29.678943  -82.006975  227  139  160
    8  204  2318  402556.06  3283634.50  29.678942  -82.007077  152   86  114
    9  204  2319  402556.06  3283631.20  29.678913  -82.007077  155   75  111
   10  205  2319  402559.36  3283631.20  29.678913  -82.007042  161   93  121
   11  206  2319  402562.66  3283631.20  29.678913  -82.007008  193  108  150
   12  207  2319  402565.96  3283631.20  29.678913  -82.006974  255  132  183
   13  208  2319  402569.26  3283631.20  29.678914  -82.006940  242  140  166
   14  204  2320  402556.06  3283627.90  29.678883  -82.007076  145   78  114
   15  205  2320  402559.36  3283627.90  29.678883  -82.007042  193   94  146
   16  206  2320  402562.66  3283627.90  29.678883  -82.007008  255  114  185
   17  207  2320  402565.96  3283627.90  29.678884  -82.006974  255  131  193
   18  208  2320  402569.26  3283627.90  29.678884  -82.006940  255  144  173
   19  209  2320  402572.56  3283627.90  29.678884  -82.006906  232  159  173
   20  206  2321  402562.66  3283624.60  29.678854  -82.007008  179  123  163
   21  207  2321  402565.96  3283624.60  29.678854  -82.006974  163  110  145
   22  208  2321  402569.26  3283624.60  29.678854  -82.006940  182   95  126
   23  205  2321  402559.36  3283624.60  29.678853  -82.007042  160  109  139

    1  199  2319  402539.56  3283631.20  29.678911  -82.007247  181   85  140
    2  200  2319  402542.86  3283631.20  29.678912  -82.007213  220   86  144
    3  201  2319  402546.16  3283631.20  29.678912  -82.007179  154   85  116
    4  198  2319  402536.26  3283631.20  29.678911  -82.007281  176   82  136
    5  198  2320  402536.26  3283627.90  29.678881  -82.007281  132   84  126
    6  199  2320  402539.56  3283627.90  29.678882  -82.007247  226  107  175
    7  200  2320  402542.86  3283627.90  29.678882  -82.007213  255  117  173
    8  201  2320  402546.16  3283627.90  29.678882  -82.007179  203  131  164
    9  199  2321  402539.56  3283624.60  29.678852  -82.007247  197  131  168
   10  200  2321  402542.86  3283624.60  29.678852  -82.007212  229  135  175
   11  201  2321  402546.16  3283624.60  29.678852  -82.007178  142  114  138
   12  198  2321  402536.26  3283624.60  29.678852  -82.007281  181  147  166
   13  200  2322  402542.86  3283621.30  29.678822  -82.007212  161   97  122
   14  199  2322  402539.56  3283621.30  29.678822  -82.007246  157   94  117

    1  196  2340  402529.66  3283561.90  29.678285  -82.007343  188   54  102
    2  197  2340  402532.96  3283561.90  29.678286  -82.007309  144   46   85
    3  198  2340  402536.26  3283561.90  29.678286  -82.007275  168   50   92
    4  199  2340  402539.56  3283561.90  29.678286  -82.007241  162   52   92
    5  200  2340  402542.86  3283561.90  29.678286  -82.007207  175   54  104
    6  201  2340  402546.16  3283561.90  29.678287  -82.007173  218   53  108
    7  202  2340  402549.46  3283561.90  29.678287  -82.007139  241   57  105
    8  195  2340  402526.36  3283561.90  29.678285  -82.007377  135   44   89
    9  195  2341  402526.36  3283558.60  29.678255  -82.007377  116   47   81
   10  196  2341  402529.66  3283558.60  29.678256  -82.007343  189   55  103
   11  197  2341  402532.96  3283558.60  29.678256  -82.007309  178   60   97
   12  198  2341  402536.26  3283558.60  29.678256  -82.007275  188   63   97
   13  199  2341  402539.56  3283558.60  29.678256  -82.007241  179   63   99
   14  200  2341  402542.86  3283558.60  29.678257  -82.007206  211   64  100
   15  201  2341  402546.16  3283558.60  29.678257  -82.007172  210   63   99
   16  202  2341  402549.46  3283558.60  29.678257  -82.007138  159   54   82
   17  196  2342  402529.66  3283555.30  29.678226  -82.007343  156   48   87
   18  197  2342  402532.96  3283555.30  29.678226  -82.007308  147   54   84
   19  198  2342  402536.26  3283555.30  29.678226  -82.007274  166   67  104
   20  199  2342  402539.56  3283555.30  29.678227  -82.007240  187   69  108
   21  200  2342  402542.86  3283555.30  29.678227  -82.007206  229   73  117
   22  201  2342  402546.16  3283555.30  29.678227  -82.007172  180   54   87
   23  202  2342  402549.46  3283555.30  29.678227  -82.007138  158   54   81
   24  195  2342  402526.36  3283555.30  29.678225  -82.007377  141   53   93
   25  195  2343  402526.36  3283552.00  29.678196  -82.007376  137   52   90
   26  196  2343  402529.66  3283552.00  29.678196  -82.007342  211   62  104
   27  197  2343  402532.96  3283552.00  29.678196  -82.007308  164   59   88
   28  198  2343  402536.26  3283552.00  29.678196  -82.007274  150   63   96
   29  199  2343  402539.56  3283552.00  29.678197  -82.007240  207   78  123
   30  200  2343  402542.86  3283552.00  29.678197  -82.007206  209   78  124
   31  201  2343  402546.16  3283552.00  29.678197  -82.007172  220   72  116
   32  202  2343  402549.46  3283552.00  29.678198  -82.007138  167   47   81
   33  196  2344  402529.66  3283548.70  29.678166  -82.007342  144   48   85
   34  197  2344  402532.96  3283548.70  29.678166  -82.007308  186   53   93
   35  198  2344  402536.26  3283548.70  29.678167  -82.007274  173   56   89
   36  199  2344  402539.56  3283548.70  29.678167  -82.007240  177   61  102
   37  200  2344  402542.86  3283548.70  29.678167  -82.007206  208   66  115
   38  201  2344  402546.16  3283548.70  29.678167  -82.007171  211   59  106
   39  202  2344  402549.46  3283548.70  29.678168  -82.007137  163   44   80
   40  195  2344  402526.36  3283548.70  29.678166  -82.007376  146   49   88
   41  195  2345  402526.36  3283545.40  29.678136  -82.007376  138   53   93
   42  196  2345  402529.66  3283545.40  29.678136  -82.007342  201   58  107
   43  197  2345  402532.96  3283545.40  29.678137  -82.007308  219   63  107
   44  198  2345  402536.26  3283545.40  29.678137  -82.007273  177   60   94
   45  199  2345  402539.56  3283545.40  29.678137  -82.007239  175   54   95
   46  200  2345  402542.86  3283545.40  29.678137  -82.007205  231   60  104
   47  201  2345  402546.16  3283545.40  29.678138  -82.007171  211   59  105
   48  202  2345  402549.46  3283545.40  29.678138  -82.007137  163   44   80

    1  197  2355  402532.96  3283512.40  29.677839  -82.007305   73   58   71
    2  198  2355  402536.26  3283512.40  29.677839  -82.007271   74   58   72
    3  199  2355  402539.56  3283512.40  29.677839  -82.007236   57   58   66
    4  196  2355  402529.66  3283512.40  29.677839  -82.007339  181   72  115
    5  196  2356  402529.66  3283509.10  29.677809  -82.007338  107   62   99
    6  197  2356  402532.96  3283509.10  29.677809  -82.007304  154   70  126
    7  198  2356  402536.26  3283509.10  29.677809  -82.007270  200   79  131
    8  199  2356  402539.56  3283509.10  29.677810  -82.007236  203   80  132
    9  197  2357  402532.96  3283505.80  29.677779  -82.007304  157   67  119
   10  198  2357  402536.26  3283505.80  29.677780  -82.007270  201   79  131
   11  199  2357  402539.56  3283505.80  29.677780  -82.007236  135   80  109
   12  196  2357  402529.66  3283505.80  29.677779  -82.007338  114   62  102
   13  196  2358  402529.66  3283502.50  29.677749  -82.007338  115   63  103
   14  197  2358  402532.96  3283502.50  29.677750  -82.007304  158   67  120
   15  198  2358  402536.26  3283502.50  29.677750  -82.007270  187   71  129
   16  199  2358  402539.56  3283502.50  29.677750  -82.007236  158   67   98
   17  198  2359  402536.26  3283499.20  29.677720  -82.007269  220   73  136
   18  199  2359  402539.56  3283499.20  29.677720  -82.007235  173   85  120
   19  197  2359  402532.96  3283499.20  29.677720  -82.007303  143   59  107
   20  198  2360  402536.26  3283495.90  29.677690  -82.007269  136   93  114
   21  199  2360  402539.56  3283495.90  29.677691  -82.007235   96   92  106
   22  197  2360  402532.96  3283495.90  29.677690  -82.007303  159   99  131
   23  199  2361  402539.56  3283492.60  29.677661  -82.007235   96   92  105
   24  198  2361  402536.26  3283492.60  29.677660  -82.007269  136   93  114

    1  189  2352  402506.56  3283522.30  29.677926  -82.007578  203   67  146
    2  190  2352  402509.86  3283522.30  29.677926  -82.007544   96   47   79
    3  191  2352  402513.16  3283522.30  29.677927  -82.007510   54   38   60
    4  188  2352  402503.26  3283522.30  29.677926  -82.007612  180   76  155
    5  188  2353  402503.26  3283519.00  29.677896  -82.007612  170   59  120
    6  189  2353  402506.56  3283519.00  29.677896  -82.007578  137   52   96
    7  190  2353  402509.86  3283519.00  29.677897  -82.007544   96   47   79
    8  191  2353  402513.16  3283519.00  29.677897  -82.007510   54   38   60
    9  192  2353  402516.46  3283519.00  29.677897  -82.007476   86   44   79
   10  193  2353  402519.76  3283519.00  29.677897  -82.007442  168   56  105
   11  188  2354  402503.26  3283515.70  29.677866  -82.007612  172   60  121
   12  189  2354  402506.56  3283515.70  29.677867  -82.007578  137   52   96
   13  190  2354  402509.86  3283515.70  29.677867  -82.007544  100   50   85
   14  191  2354  402513.16  3283515.70  29.677867  -82.007510  118   64  108
   15  192  2354  402516.46  3283515.70  29.677867  -82.007475  161   70  126
   16  193  2354  402519.76  3283515.70  29.677868  -82.007441  152   66  112
   17  191  2355  402513.16  3283512.40  29.677837  -82.007509  195   81  151
   18  192  2355  402516.46  3283512.40  29.677838  -82.007475  177   84  146
   19  193  2355  402519.76  3283512.40  29.677838  -82.007441  169   77  133
   20  190  2355  402509.86  3283512.40  29.677837  -82.007543  145   77  134

    1  167  2344  402433.96  3283548.70  29.678159  -82.008331   84   91   95
    2  168  2344  402437.26  3283548.70  29.678159  -82.008297   52   80   82
    3  169  2344  402440.56  3283548.70  29.678159  -82.008263   81   74   91
    4  170  2344  402443.86  3283548.70  29.678159  -82.008229  113   88  104
    5  166  2344  402430.66  3283548.70  29.678158  -82.008365  119  109  117
    6  166  2345  402430.66  3283545.40  29.678129  -82.008365   42   45   66
    7  167  2345  402433.96  3283545.40  29.678129  -82.008331   37   43   57
    8  168  2345  402437.26  3283545.40  29.678129  -82.008297   58   46   74
    9  169  2345  402440.56  3283545.40  29.678129  -82.008262  129   63  112
   10  170  2345  402443.86  3283545.40  29.678130  -82.008228  113   88  104
   11  171  2345  402447.16  3283545.40  29.678130  -82.008194  119  114  125
   12  172  2345  402450.46  3283545.40  29.678130  -82.008160  171  159  160
   13  173  2345  402453.76  3283545.40  29.678130  -82.008126  170  159  160
   14  174  2345  402457.06  3283545.40  29.678131  -82.008092  200  170  160
   15  166  2346  402430.66  3283542.10  29.678099  -82.008364   57   63   79
   16  167  2346  402433.96  3283542.10  29.678099  -82.008330   70   63   91
   17  168  2346  402437.26  3283542.10  29.678099  -82.008296  177   81  126
   18  169  2346  402440.56  3283542.10  29.678100  -82.008262  127   62  111
   19  170  2346  402443.86  3283542.10  29.678100  -82.008228  175   75  124
   20  171  2346  402447.16  3283542.10  29.678100  -82.008194  108   77  108
   21  172  2346  402450.46  3283542.10  29.678100  -82.008160  106   76  107
   22  173  2346  402453.76  3283542.10  29.678101  -82.008126  189   99  149
   23  174  2346  402457.06  3283542.10  29.678101  -82.008092  235  125  155
   24  169  2347  402440.56  3283538.80  29.678070  -82.008262  213   90  144
   25  170  2347  402443.86  3283538.80  29.678070  -82.008228  151   82  126
   26  171  2347  402447.16  3283538.80  29.678070  -82.008194   60   60   92
   27  172  2347  402450.46  3283538.80  29.678071  -82.008160   59   59   90
   28  173  2347  402453.76  3283538.80  29.678071  -82.008125   89   68  107
   29  174  2347  402457.06  3283538.80  29.678071  -82.008091  145   72  133
   30  168  2347  402437.26  3283538.80  29.678070  -82.008296  177   82  126

    1  164  2337  402424.06  3283571.80  29.678366  -82.008435   73   80   94
    2  165  2337  402427.36  3283571.80  29.678367  -82.008401  142  104  137
    3  166  2337  402430.66  3283571.80  29.678367  -82.008367  210  136  164
    4  163  2337  402420.76  3283571.80  29.678366  -82.008469   61   65   79
    5  163  2338  402420.76  3283568.50  29.678336  -82.008469   68   59   84
    6  164  2338  402424.06  3283568.50  29.678337  -82.008435  105   70  112
    7  165  2338  402427.36  3283568.50  29.678337  -82.008401  201   82  152
    8  166  2338  402430.66  3283568.50  29.678337  -82.008367  200   82  151
    9  167  2338  402433.96  3283568.50  29.678337  -82.008333  169   89  138
   10  165  2339  402427.36  3283565.20  29.678307  -82.008401  144  121  147
   11  166  2339  402430.66  3283565.20  29.678307  -82.008366  151  104  142
   12  167  2339  402433.96  3283565.20  29.678308  -82.008332  165   88  138
   13  164  2339  402424.06  3283565.20  29.678307  -82.008435  119  130  138

    1  158  2324  402404.26  3283614.70  29.678752  -82.008644  189   77  122
    2  157  2324  402400.96  3283614.70  29.678752  -82.008678  129   69  101
    3  157  2325  402400.96  3283611.40  29.678722  -82.008678  199   61  105
    4  158  2325  402404.26  3283611.40  29.678722  -82.008643  234   63  101
    5  159  2325  402407.56  3283611.40  29.678722  -82.008609  155   57   84
    6  156  2325  402397.66  3283611.40  29.678722  -82.008712  110   52   78
    7  156  2326  402397.66  3283608.10  29.678692  -82.008711  137   56   88
    8  157  2326  402400.96  3283608.10  29.678692  -82.008677  188   67  116
    9  158  2326  402404.26  3283608.10  29.678692  -82.008643  247   76  128
   10  159  2326  402407.56  3283608.10  29.678693  -82.008609  239   76  117
   11  155  2327  402394.36  3283604.80  29.678662  -82.008745  161   59  106
   12  156  2327  402397.66  3283604.80  29.678662  -82.008711  163   60  107
   13  157  2327  402400.96  3283604.80  29.678662  -82.008677  211   75  127
   14  158  2327  402404.26  3283604.80  29.678663  -82.008643  255   79  134
   15  159  2327  402407.56  3283604.80  29.678663  -82.008609  239   76  117
   16  160  2327  402410.86  3283604.80  29.678663  -82.008575  201   84  129
   17  154  2327  402391.06  3283604.80  29.678662  -82.008779   95   46   69
   18  152  2328  402384.46  3283601.50  29.678631  -82.008847  100   56   86
   19  153  2328  402387.76  3283601.50  29.678631  -82.008813  155   56   92
   20  154  2328  402391.06  3283601.50  29.678632  -82.008779  165   55   93
   21  155  2328  402394.36  3283601.50  29.678632  -82.008745  159   61  101
   22  156  2328  402397.66  3283601.50  29.678632  -82.008711  197   71  122
   23  157  2328  402400.96  3283601.50  29.678633  -82.008677  242   83  139
   24  158  2328  402404.26  3283601.50  29.678633  -82.008643  219   75  138
   25  159  2328  402407.56  3283601.50  29.678633  -82.008608  255   87  150
   26  160  2328  402410.86  3283601.50  29.678633  -82.008574  255   89  144
   27  154  2329  402391.06  3283598.20  29.678602  -82.008779  214   68  110
   28  155  2329  402394.36  3283598.20  29.678602  -82.008745  198   70  114
   29  156  2329  402397.66  3283598.20  29.678602  -82.008710  226   79  131
   30  157  2329  402400.96  3283598.20  29.678603  -82.008676  242   83  139
   31  153  2329  402387.76  3283598.20  29.678602  -82.008813  214   68  110
   32  153  2330  402387.76  3283594.90  29.678572  -82.008812  195   73  111
   33  154  2330  402391.06  3283594.90  29.678572  -82.008778  255   97  146
   34  155  2330  402394.36  3283594.90  29.678572  -82.008744  255   97  147
   35  156  2330  402397.66  3283594.90  29.678573  -82.008710  255  111  142
   36  155  2331  402394.36  3283591.60  29.678543  -82.008744  255  110  159
   37  154  2331  402391.06  3283591.60  29.678542  -82.008778  217   86  129

     1  148  2313  402371.26  3283651.00  29.679077  -82.008988  131   92  128
     2  133  2314  402321.76  3283647.70  29.679043  -82.009499  131   73  113
     3  134  2314  402325.06  3283647.70  29.679043  -82.009465   70   52   64
     4  135  2314  402328.36  3283647.70  29.679044  -82.009431   52   50   56
     5  143  2314  402354.76  3283647.70  29.679046  -82.009158  103   80  115
     6  144  2314  402358.06  3283647.70  29.679046  -82.009124   97   68   90
     7  145  2314  402361.36  3283647.70  29.679046  -82.009090   73   70   81
     8  146  2314  402364.66  3283647.70  29.679047  -82.009056   85   75  103
     9  147  2314  402367.96  3283647.70  29.679047  -82.009022  152   87  152
    10  148  2314  402371.26  3283647.70  29.679047  -82.008988  205  112  178
    11  132  2315  402318.46  3283644.40  29.679013  -82.009533  109   66  121
    12  133  2315  402321.76  3283644.40  29.679013  -82.009499  139   78  122
    13  134  2315  402325.06  3283644.40  29.679014  -82.009465   69   51   63
    14  135  2315  402328.36  3283644.40  29.679014  -82.009431   51   50   56
    15  136  2315  402331.66  3283644.40  29.679014  -82.009397   43   59   57
    16  137  2315  402334.96  3283644.40  29.679014  -82.009363   56   62   69
    17  138  2315  402338.26  3283644.40  29.679015  -82.009328   91   67   89
    18  139  2315  402341.56  3283644.40  29.679015  -82.009294  102   80   94
    19  140  2315  402344.86  3283644.40  29.679015  -82.009260  122   86  115
    20  141  2315  402348.16  3283644.40  29.679015  -82.009226  106   90  109
    21  142  2315  402351.46  3283644.40  29.679016  -82.009192  102   79  114
    22  143  2315  402354.76  3283644.40  29.679016  -82.009158  103   80  115
    23  144  2315  402358.06  3283644.40  29.679016  -82.009124  178   90  154
    24  145  2315  402361.36  3283644.40  29.679017  -82.009090  154  100  134
    25  146  2315  402364.66  3283644.40  29.679017  -82.009056  136  101  133
    26  147  2315  402367.96  3283644.40  29.679017  -82.009022  172   98  147
    27  148  2315  402371.26  3283644.40  29.679017  -82.008987  159  112  153
    28  132  2316  402318.46  3283641.10  29.678983  -82.009533  111   67  122
    29  133  2316  402321.76  3283641.10  29.678984  -82.009499   87   58   98
    30  134  2316  402325.06  3283641.10  29.678984  -82.009465  117   59  113
    31  135  2316  402328.36  3283641.10  29.678984  -82.009430  119   60  116
    32  136  2316  402331.66  3283641.10  29.678984  -82.009396   99   62  107
    33  137  2316  402334.96  3283641.10  29.678985  -82.009362  122   62  114
    34  138  2316  402338.26  3283641.10  29.678985  -82.009328  123   65  124
    35  139  2316  402341.56  3283641.10  29.678985  -82.009294  152   81  145
    36  140  2316  402344.86  3283641.10  29.678985  -82.009260  120   85  112
    37  141  2316  402348.16  3283641.10  29.678986  -82.009226  109   92  112
    38  142  2316  402351.46  3283641.10  29.678986  -82.009192  158   99  150
    39  143  2316  402354.76  3283641.10  29.678986  -82.009158  159   99  151
    40  144  2316  402358.06  3283641.10  29.678986  -82.009124  204  107  164
    41  145  2316  402361.36  3283641.10  29.678987  -82.009089  172  112  152
    42  146  2316  402364.66  3283641.10  29.678987  -82.009055  215  129  168
    43  134  2317  402325.06  3283637.80  29.678954  -82.009464  111  112  146
    44  135  2317  402328.36  3283637.80  29.678954  -82.009430  117   77  122
    45  136  2317  402331.66  3283637.80  29.678955  -82.009396  133   75  129
    46  137  2317  402334.96  3283637.80  29.678955  -82.009362  126   64  119
    47  138  2317  402338.26  3283637.80  29.678955  -82.009328  124   66  125
    48  139  2317  402341.56  3283637.80  29.678955  -82.009294  156   84  150
    49  140  2317  402344.86  3283637.80  29.678956  -82.009260  195   90  169
    50  141  2317  402348.16  3283637.80  29.678956  -82.009226  166   91  143
    51  142  2317  402351.46  3283637.80  29.678956  -82.009191  167   95  149
    52  143  2317  402354.76  3283637.80  29.678956  -82.009157  179  107  151
    53  144  2317  402358.06  3283637.80  29.678957  -82.009123  173  122  163
    54  145  2317  402361.36  3283637.80  29.678957  -82.009089  171  121  161
    55  146  2317  402364.66  3283637.80  29.678957  -82.009055  221  132  173
    56  134  2318  402325.06  3283634.50  29.678924  -82.009464  115  116  152
    57  135  2318  402328.36  3283634.50  29.678925  -82.009430  115   76  119
    58  136  2318  402331.66  3283634.50  29.678925  -82.009396  130   73  126
    59  137  2318  402334.96  3283634.50  29.678925  -82.009362  147   72  125
    60  138  2318  402338.26  3283634.50  29.678925  -82.009328  146   71  123
    61  139  2318  402341.56  3283634.50  29.678926  -82.009293   90   70   95
    62  140  2318  402344.86  3283634.50  29.678926  -82.009259   95   73  104
    63  141  2318  402348.16  3283634.50  29.678926  -82.009225  164   84  141
    64  142  2318  402351.46  3283634.50  29.678926  -82.009191  177   98  145
    65  143  2318  402354.76  3283634.50  29.678927  -82.009157  140   92  136
    66  144  2318  402358.06  3283634.50  29.678927  -82.009123  170  120  160
    67  145  2318  402361.36  3283634.50  29.678927  -82.009089  169  121  153
    68  134  2319  402325.06  3283631.20  29.678895  -82.009464   82   98   94
    69  135  2319  402328.36  3283631.20  29.678895  -82.009430   90   95   98
    70  136  2319  402331.66  3283631.20  29.678895  -82.009395   81   76   91
    71  137  2319  402334.96  3283631.20  29.678895  -82.009361   92   72   87
    72  138  2319  402338.26  3283631.20  29.678896  -82.009327   96   87   89
    73  139  2319  402341.56  3283631.20  29.678896  -82.009293  114  109  112
    74  140  2319  402344.86  3283631.20  29.678896  -82.009259   95   73  104
    75  141  2319  402348.16  3283631.20  29.678896  -82.009225  163   83  140
    76  142  2319  402351.46  3283631.20  29.678897  -82.009191  178   99  146
    77  143  2319  402354.76  3283631.20  29.678897  -82.009157  140   92  136
    78  135  2320  402328.36  3283627.90  29.678865  -82.009429  129  104  117
    79  136  2320  402331.66  3283627.90  29.678865  -82.009395  154  105  144
    80  137  2320  402334.96  3283627.90  29.678866  -82.009361   92   72   87
    81  138  2320  402338.26  3283627.90  29.678866  -82.009327   95   87   89
    82  139  2320  402341.56  3283627.90  29.678866  -82.009293  114  110  113
    83  140  2320  402344.86  3283627.90  29.678866  -82.009259  141   86  129
    84  141  2320  402348.16  3283627.90  29.678867  -82.009225  135   70  119
    85  142  2320  402351.46  3283627.90  29.678867  -82.009191  146   79  134
    86  143  2320  402354.76  3283627.90  29.678867  -82.009156  147   79  135
    87  136  2321  402331.66  3283624.60  29.678836  -82.009395  154  106  145
    88  137  2321  402334.96  3283624.60  29.678836  -82.009361  155   96  127
    89  138  2321  402338.26  3283624.60  29.678836  -82.009327  153   94  124
    90  139  2321  402341.56  3283624.60  29.678836  -82.009293  119  102  107
    91  140  2321  402344.86  3283624.60  29.678837  -82.009258  116  115  118
    92  141  2321  402348.16  3283624.60  29.678837  -82.009224  171  112  148
    93  135  2321  402328.36  3283624.60  29.678835  -82.009429  132  107  120
    94  135  2322  402328.36  3283621.30  29.678805  -82.009429   95   79  111
    95  136  2322  402331.66  3283621.30  29.678806  -82.009395  170   84  151
    96  137  2322  402334.96  3283621.30  29.678806  -82.009360  141   75  121
    97  138  2322  402338.26  3283621.30  29.678806  -82.009326  121   69  104
    98  139  2322  402341.56  3283621.30  29.678807  -82.009292   92   69   80
    99  140  2322  402344.86  3283621.30  29.678807  -82.009258   67   71   72
   100  141  2322  402348.16  3283621.30  29.678807  -82.009224  176  116  153
   101  136  2323  402331.66  3283618.00  29.678776  -82.009394  113   78   97
   102  137  2323  402334.96  3283618.00  29.678776  -82.009360   75   67   75
   103  138  2323  402338.26  3283618.00  29.678776  -82.009326   70   60   79
   104  139  2323  402341.56  3283618.00  29.678777  -82.009292   98   73   86
   105  135  2323  402328.36  3283618.00  29.678776  -82.009428  111   76  107
   106  139  2324  402341.56  3283614.70  29.678747  -82.009292   91   66   99
   107  138  2324  402338.26  3283614.70  29.678747  -82.009326   71   61   81

    1  158  2291  402404.26  3283723.60  29.679735  -82.008654  157  103  138
    2  159  2291  402407.56  3283723.60  29.679735  -82.008619  160  105  141
    3  160  2291  402410.86  3283723.60  29.679735  -82.008585  156  115  147
    4  161  2291  402414.16  3283723.60  29.679735  -82.008551  206  127  167
    5  157  2291  402400.96  3283723.60  29.679734  -82.008688   94  103  137
    6  157  2292  402400.96  3283720.30  29.679705  -82.008687   92  101  135
    7  158  2292  402404.26  3283720.30  29.679705  -82.008653  156  102  136
    8  159  2292  402407.56  3283720.30  29.679705  -82.008619  156  115  146
    9  160  2292  402410.86  3283720.30  29.679705  -82.008585  158  116  149
   10  161  2292  402414.16  3283720.30  29.679706  -82.008551  210  130  170
   11  158  2293  402404.26  3283717.00  29.679675  -82.008653  153  123  153
   12  159  2293  402407.56  3283717.00  29.679675  -82.008619  115   93  121
   13  160  2293  402410.86  3283717.00  29.679676  -82.008585  101   81  126
   14  161  2293  402414.16  3283717.00  29.679676  -82.008551  179   89  154
   15  162  2293  402417.46  3283717.00  29.679676  -82.008517  230  152  182
   16  158  2294  402404.26  3283713.70  29.679645  -82.008653  154  124  154
   17  159  2294  402407.56  3283713.70  29.679645  -82.008619  117   94  123
   18  160  2294  402410.86  3283713.70  29.679646  -82.008584  101   82  126
   19  161  2294  402414.16  3283713.70  29.679646  -82.008550  180   89  154
   20  162  2294  402417.46  3283713.70  29.679646  -82.008516  161   94  135
   21  163  2294  402420.76  3283713.70  29.679647  -82.008482  132  101  138
   22  164  2294  402424.06  3283713.70  29.679647  -82.008448  177  116  145
   23  162  2295  402417.46  3283710.40  29.679616  -82.008516  161   95  136
   24  163  2295  402420.76  3283710.40  29.679617  -82.008482  128   98  134
   25  164  2295  402424.06  3283710.40  29.679617  -82.008448  175  114  143
   26  161  2295  402414.16  3283710.40  29.679616  -82.008550  179   89  154

    1  177  2269  402466.96  3283796.20  29.680395  -82.008012   78  116  133
    2  178  2269  402470.26  3283796.20  29.680395  -82.007978  129  117  150
    3  179  2269  402473.56  3283796.20  29.680395  -82.007944  125  150  181
    4  180  2269  402476.86  3283796.20  29.680395  -82.007910  167  141  178
    5  181  2269  402480.16  3283796.20  29.680396  -82.007876  224  181  208
    6  176  2269  402463.66  3283796.20  29.680394  -82.008046   78  117  134
    7  173  2270  402453.76  3283792.90  29.680364  -82.008148  210  125  183
    8  174  2270  402457.06  3283792.90  29.680364  -82.008114  155  119  150
    9  175  2270  402460.36  3283792.90  29.680364  -82.008080   87   97  114
   10  176  2270  402463.66  3283792.90  29.680365  -82.008046   76  114  130
   11  177  2270  402466.96  3283792.90  29.680365  -82.008012  125  114  146
   12  178  2270  402470.26  3283792.90  29.680365  -82.007978  129  117  150
   13  179  2270  402473.56  3283792.90  29.680365  -82.007944  126  150  181
   14  180  2270  402476.86  3283792.90  29.680366  -82.007910  169  143  181
   15  181  2270  402480.16  3283792.90  29.680366  -82.007875  216  173  199
   16  173  2271  402453.76  3283789.60  29.680334  -82.008148  210  125  184
   17  174  2271  402457.06  3283789.60  29.680334  -82.008114  155  119  150
   18  175  2271  402460.36  3283789.60  29.680335  -82.008080   84   94  110
   19  176  2271  402463.66  3283789.60  29.680335  -82.008046  127   99  120
   20  177  2271  402466.96  3283789.60  29.680335  -82.008012  198  143  167
   21  178  2271  402470.26  3283789.60  29.680335  -82.007977  209  189  199
   22  179  2271  402473.56  3283789.60  29.680336  -82.007943  209  189  199
   23  180  2271  402476.86  3283789.60  29.680336  -82.007909  160  205  200
   24  174  2272  402457.06  3283786.30  29.680305  -82.008114  169   93  125
   25  175  2272  402460.36  3283786.30  29.680305  -82.008079   82   70   89
   26  176  2272  402463.66  3283786.30  29.680305  -82.008045   97   68   89
   27  177  2272  402466.96  3283786.30  29.680305  -82.008011  198  143  167
   28  178  2272  402470.26  3283786.30  29.680306  -82.007977  209  188  198
   29  179  2272  402473.56  3283786.30  29.680306  -82.007943  162  209  204
   30  180  2272  402476.86  3283786.30  29.680306  -82.007909  160  205  200
   31  173  2272  402453.76  3283786.30  29.680304  -82.008148  199  111  172
   32  173  2273  402453.76  3283783.00  29.680274  -82.008147  198  110  171
   33  174  2273  402457.06  3283783.00  29.680275  -82.008113  168   92  124
   34  175  2273  402460.36  3283783.00  29.680275  -82.008079   84   71   91
   35  176  2273  402463.66  3283783.00  29.680275  -82.008045   97   68   89
   36  177  2273  402466.96  3283783.00  29.680276  -82.008011  124   82  117
   37  178  2273  402470.26  3283783.00  29.680276  -82.007977  197  103  155
   38  179  2273  402473.56  3283783.00  29.680276  -82.007943  197  103  155
   39  180  2273  402476.86  3283783.00  29.680276  -82.007909  190  112  143
   40  181  2273  402480.16  3283783.00  29.680277  -82.007875  133  119  134
   41  182  2273  402483.46  3283783.00  29.680277  -82.007840  163  152  173
   42  177  2274  402466.96  3283779.70  29.680246  -82.008011  128   85  122
   43  178  2274  402470.26  3283779.70  29.680246  -82.007977  202  106  160
   44  179  2274  402473.56  3283779.70  29.680246  -82.007942  200  118  153
   45  180  2274  402476.86  3283779.70  29.680247  -82.007908  134  121  136
   46  181  2274  402480.16  3283779.70  29.680247  -82.007874  131  118  133
   47  182  2274  402483.46  3283779.70  29.680247  -82.007840  163  152  172
   48  176  2274  402463.66  3283779.70  29.680245  -82.008045  175  118  160
   49  176  2275  402463.66  3283776.40  29.680216  -82.008044  172  116  157
   50  177  2275  402466.96  3283776.40  29.680216  -82.008010  151  100  123
   51  178  2275  402470.26  3283776.40  29.680216  -82.007976  104   96  121
   52  179  2275  402473.56  3283776.40  29.680216  -82.007942  104   96  121
   53  180  2275  402476.86  3283776.40  29.680217  -82.007908  107   91  118
   54  181  2275  402480.16  3283776.40  29.680217  -82.007874  157  103  146
   55  182  2275  402483.46  3283776.40  29.680217  -82.007840  229  142  199
   56  177  2276  402466.96  3283773.10  29.680186  -82.008010   84   97  121
   57  178  2276  402470.26  3283773.10  29.680186  -82.007976  104   96  121
   58  179  2276  402473.56  3283773.10  29.680187  -82.007942  108   92  119
   59  180  2276  402476.86  3283773.10  29.680187  -82.007908  105   89  116
   60  181  2276  402480.16  3283773.10  29.680187  -82.007874  156  102  145
   61  182  2276  402483.46  3283773.10  29.680187  -82.007840  227  140  197
   62  178  2277  402470.26  3283769.80  29.680157  -82.007976  170   98  143
   63  179  2277  402473.56  3283769.80  29.680157  -82.007942  174  116  151
   64  180  2277  402476.86  3283769.80  29.680157  -82.007907  211  151  183
   65  177  2277  402466.96  3283769.80  29.680156  -82.008010  165   95  140
   66  178  2278  402470.26  3283766.50  29.680127  -82.007975  102   80  117
   67  179  2278  402473.56  3283766.50  29.680127  -82.007941  216  154  188
   68  180  2278  402476.86  3283766.50  29.680127  -82.007907  211  151  183
   69  179  2279  402473.56  3283763.20  29.680097  -82.007941  203   96  141
   70  180  2279  402476.86  3283763.20  29.680098  -82.007907  221  112  155
   71  178  2279  402470.26  3283763.20  29.680097  -82.007975  102   80  117
   72  180  2280  402476.86  3283759.90  29.680068  -82.007907  225  115  158
   73  179  2280  402473.56  3283759.90  29.680068  -82.007941  209   99  146
