















1,158,2291,402404.26,3283723.60,29.679735,-82.008654,25,25,137,367,401,476,482,460,472,451,427,411,424,402,416,445,470,509,592,602,617,592,552,547,526,535,522,512,501,497,462,449,483,447,423,460,629,928,1219,1454,1737,1993,2220,2221,2200,2346,2357,2360,2477,2241,2263,2422,2621,2638,2697,2728,2866,2968,2753,2456,3347,3866,2256,2622,2876,2792,2958,2962,3010,3075,3103,3134,3175,3193,3225,3213,3078,3115,2936,2852,2455,2439,2328,2002,2085,2365,2513,2453,2565,2545,2626,2763,2882,2989,3070,3082,3042,3117,3074,3095,3044,3035,2904,2663,2784,3721,1557,8999,0,8999,8999,8999,0,7217,3222,1655,1332,1311,1623,935,966,1017,1112,1187,1247,1304,1389,1431,1472,1491,1540,1628,1671,1678,1743,1744,1718,1700,1699,1724,1684,1643,1603,1558,1528,1515,1476,1453,1356,1427,1831,2627,6462,0,0,8999,8999,0,8999,0,0,8999,0,0,8999,0,0,8536,0,202,565,655,668,733,698,729,714,739,776,802,788,763,747,761,749,734,774,756,781,795,821,812,821,863,886,900,882,834,809,764,733,678,691,639,629,594,573,578,539,533,487,508,421,426,403,342,389,204,326,358,488,0,0,0
2,159,2291,402407.56,3283723.60,29.679735,-82.008619,25,25,139,372,407,483,489,466,479,458,434,417,430,408,422,452,477,517,601,612,627,602,561,555,535,543,530,520,509,505,469,457,491,454,430,467,640,943,1240,1479,1767,2027,2258,2257,2238,2386,2399,2402,2520,2280,2302,2464,2667,2684,2744,2775,2917,3020,2801,2500,3406,3939,2299,2670,2927,2842,3010,3014,3063,3129,3157,3190,3232,3250,3282,3270,3133,3170,2989,2903,2505,2491,2375,2042,2124,2408,2559,2498,2611,2590,2673,2812,2933,3043,3125,3136,3096,3172,3129,3150,3099,3090,2957,2713,2839,3797,1591,8999,0,8999,8999,8999,0,7403,3302,1695,1361,1339,1658,955,985,1036,1132,1209,1269,1327,1414,1457,1498,1518,1567,1658,1701,1708,1775,1776,1749,1730,1730,1755,1715,1673,1632,1587,1556,1543,1503,1480,1381,1455,1868,2687,6633,0,0,8999,8999,0,8999,0,0,8999,0,0,8999,0,0,8768,0,207,576,668,681,746,711,742,727,752,790,816,802,776,760,775,763,747,788,770,795,810,836,827,836,879,902,917,898,849,823,778,746,690,703,651,641,605,583,589,549,543,496,517,429,434,411,349,396,208,333,366,499,0,0,0
3,160,2291,402410.86,3283723.60,29.679735,-82.008585,25,25,82,331,387,502,492,483,494,468,455,425,454,425,437,466,495,530,610,621,650,618,593,581,554,568,558,559,546,537,512,498,508,496,482,511,640,881,1141,1339,1620,1877,2087,2097,2088,2234,2259,2258,2374,2156,2180,2321,2525,2562,2620,2647,2764,2880,2677,2363,3227,3863,2299,2603,2826,2753,2915,2916,2958,3023,3076,3105,3137,3157,3198,3174,3043,3082,2902,2845,2706,2783,2603,2248,2133,2364,2531,2476,2609,2584,2665,2801,2939,3029,3109,3137,3080,3074,3083,3077,3099,3036,2980,2717,3080,4173,8008,8999,8999,8999,8999,8999,8999,7442,4152,2131,1078,1414,1400,1205,1149,1200,1298,1355,1437,1500,1574,1612,1622,1647,1721,1772,1835,1854,1879,1905,1883,1871,1861,1885,1835,1773,1737,1720,1682,1655,1642,1598,1552,1641,2081,2030,8999,0,0,0,8999,8999,8999,8999,0,0,0,0,0,0,8999,0,944,463,746,757,825,831,798,887,884,914,969,999,981,945,917,928,919,913,925,931,947,970,970,991,971,1014,1055,1070,1052,1011,992,914,880,859,838,781,771,747,723,725,632,648,628,598,547,554,525,401,522,409,486,506,166,0,0,0
4,161,2291,402414.16,3283723.60,29.679735,-82.008551,25,25,186,374,446,524,508,501,507,491,476,440,475,446,479,496,541,589,685,699,721,698,649,649,622,640,619,609,616,600,560,547,571,547,527,561,753,1104,1461,1778,2143,2495,2771,2805,2772,2989,3011,3010,3168,2881,2920,3099,3349,3391,3459,3494,3655,3812,3538,3157,4343,5161,3084,3428,3711,3603,3794,3811,3849,3931,4004,4048,4082,4105,4139,4138,3964,4012,3788,3714,3371,3146,3269,2699,2751,3050,3276,3181,3323,3315,3421,3581,3752,3867,3958,4013,3920,4009,3957,3958,3954,3872,3760,3534,3674,5141,7996,8999,8999,8999,8999,8999,8999,8999,4148,2129,1664,1672,1940,1405,1337,1396,1507,1607,1717,1812,1896,1934,1963,2009,2073,2176,2235,2246,2308,2318,2271,2275,2261,2281,2246,2190,2130,2095,2042,2047,1998,1960,1850,1876,2373,3042,6656,0,8999,0,8999,0,8999,8999,8999,0,0,8999,8999,8999,8999,0,1888,717,811,784,893,953,916,955,978,1050,1089,1124,1096,1060,1054,1066,1066,1049,1072,1063,1090,1132,1158,1140,1134,1179,1217,1255,1230,1175,1150,1079,1025,985,971,936,879,874,838,804,747,734,769,654,661,649,552,545,583,568,636,438,728,619,0,0
5,157,2291,402400.96,3283723.60,29.679734,-82.008688,25,25,134,360,416,521,528,503,522,488,484,450,484,441,463,474,496,522,591,596,615,595,563,562,533,549,533,518,514,512,471,462,476,463,458,460,518,616,725,794,916,1046,1173,1164,1146,1219,1228,1220,1286,1158,1174,1246,1357,1373,1411,1414,1493,1551,1436,1275,1767,2264,1535,1563,1647,1578,1628,1631,1655,1698,1725,1745,1769,1776,1814,1809,1736,1765,1696,1699,2056,2008,1771,1608,1348,1428,1558,1509,1580,1559,1632,1711,1785,1847,1909,1961,1899,1931,1899,1883,1852,1838,1825,1621,2014,2804,3135,8999,8999,8999,8999,8999,8999,3636,811,1667,1245,939,840,665,787,781,830,850,902,918,977,1000,1010,1010,1052,1098,1114,1125,1151,1148,1152,1125,1136,1161,1111,1116,1070,1052,1062,1069,1040,1025,1002,1038,1221,992,8999,0,0,0,8999,8999,8999,0,8999,0,0,0,0,0,0,0,0,452,569,553,596,647,625,666,618,644,698,722,689,667,655,672,669,651,675,665,688,687,688,707,722,740,733,772,760,738,708,659,629,607,601,579,551,527,507,494,442,464,435,437,379,391,405,391,302,322,181,294,272,0,8952,0
6,157,2292,402400.96,3283720.30,29.679705,-82.008687,25,25,133,356,412,515,521,497,515,482,477,444,477,435,457,467,489,514,582,587,606,586,555,553,525,540,525,510,506,504,463,455,469,455,451,453,510,606,713,781,900,1028,1152,1145,1126,1197,1206,1198,1263,1139,1154,1224,1333,1349,1386,1389,1467,1525,1412,1254,1738,2228,1511,1538,1619,1551,1600,1602,1625,1668,1695,1714,1738,1744,1782,1777,1706,1734,1667,1671,2023,1976,1742,1582,1325,1404,1531,1483,1553,1532,1604,1681,1753,1814,1875,1927,1866,1898,1866,1850,1820,1807,1794,1593,1980,2759,3085,8999,8999,8999,8999,8999,8999,3574,798,1640,1225,924,827,655,774,768,815,835,886,902,960,983,993,992,1034,1079,1094,1105,1131,1128,1131,1105,1116,1140,1092,1097,1052,1034,1043,1050,1021,1007,985,1020,1200,975,8999,0,0,0,8999,8999,8999,0,8999,0,0,0,0,0,0,0,0,445,559,543,586,636,615,655,608,633,686,710,677,656,643,660,658,640,663,654,676,675,676,695,709,727,721,759,747,725,696,647,618,597,591,569,541,518,499,486,435,456,427,430,372,384,399,385,297,316,178,289,267,0,8952,0
7,158,2292,402404.26,3283720.30,29.679705,-82.008653,25,25,136,365,398,473,478,456,468,448,423,407,420,398,412,441,465,504,586,597,611,586,547,542,521,529,517,507,496,492,457,445,478,443,418,455,623,918,1206,1439,1718,1971,2195,2198,2176,2319,2331,2334,2450,2217,2238,2394,2591,2608,2666,2697,2834,2936,2723,2430,3312,3826,2232,2595,2845,2762,2924,2928,2976,3040,3067,3099,3139,3157,3188,3176,3043,3080,2903,2821,2430,2414,2303,1981,2062,2338,2485,2426,2536,2516,2596,2731,2849,2955,3035,3047,3007,3082,3039,3060,3010,3001,2871,2634,2754,3682,1540,8999,0,8999,8999,8999,0,7136,3185,1637,1318,1297,1606,926,955,1006,1099,1174,1232,1289,1373,1414,1455,1474,1522,1610,1652,1659,1723,1724,1698,1680,1680,1704,1665,1624,1584,1540,1511,1498,1459,1437,1340,1411,1810,2598,6390,0,0,8999,8999,0,8999,0,0,8999,0,0,8999,0,0,8441,0,200,559,648,661,724,691,720,706,731,767,793,779,754,738,752,740,725,765,747,772,786,812,803,812,853,876,890,872,824,799,755,724,670,683,632,622,587,566,571,533,527,481,502,416,421,398,338,384,202,322,354,483,0,0,0
8,159,2292,402407.56,3283720.30,29.679705,-82.008619,25,25,83,330,386,500,490,481,492,466,453,424,452,423,435,464,493,528,607,619,647,615,590,579,552,567,557,557,544,535,510,496,506,494,480,509,637,877,1136,1334,1612,1867,2076,2087,2077,2222,2247,2246,2362,2146,2169,2309,2511,2548,2606,2633,2749,2867,2665,2352,3215,3856,2295,2596,2814,2741,2900,2900,2942,3006,3059,3088,3120,3140,3180,3157,3027,3066,2888,2834,2703,2783,2600,2244,2125,2353,2519,2463,2596,2571,2651,2785,2923,3012,3092,3119,3063,3057,3066,3060,3082,3020,2967,2706,3071,4167,8003,8999,8999,8999,8999,8999,8999,7460,4158,2133,1077,1413,1400,1203,1144,1194,1291,1348,1429,1491,1565,1602,1613,1638,1711,1762,1825,1843,1868,1894,1872,1860,1850,1874,1824,1763,1727,1710,1673,1647,1633,1590,1545,1635,2075,2029,8999,0,0,0,8999,8999,8999,8999,0,0,0,0,0,0,8999,0,945,462,743,754,821,827,794,883,879,909,964,994,975,940,912,922,914,908,919,926,942,964,964,986,966,1009,1049,1064,1046,1005,986,908,875,854,833,777,767,743,719,721,629,644,625,595,545,551,523,400,521,408,485,505,166,0,0,0
9,160,2292,402410.86,3283720.30,29.679705,-82.008585,25,25,83,333,390,506,496,487,499,472,459,429,458,429,441,471,500,536,616,628,657,624,599,587,560,575,565,565,553,544,518,504,514,501,487,517,647,892,1154,1354,1639,1902,2116,2124,2118,2266,2291,2290,2407,2185,2210,2354,2562,2600,2658,2686,2804,2921,2714,2395,3272,3917,2327,2637,2865,2792,2958,2959,3002,3068,3122,3152,3185,3205,3246,3222,3089,3128,2943,2885,2741,2820,2637,2276,2158,2395,2567,2510,2646,2621,2704,2842,2983,3075,3156,3183,3126,3120,3129,3123,3145,3080,3023,2756,3124,4237,8109,8999,8999,8999,8999,8999,8999,7555,4213,2161,1092,1433,1419,1221,1163,1215,1314,1372,1455,1518,1594,1632,1642,1668,1742,1794,1858,1877,1902,1929,1907,1894,1884,1909,1857,1795,1759,1741,1703,1676,1662,1618,1571,1662,2108,2058,8999,0,0,0,8999,8999,8999,8999,0,0,0,0,0,0,8999,0,958,469,755,766,835,841,807,898,895,926,981,1011,993,957,929,939,930,924,936,943,959,982,982,1004,983,1027,1068,1084,1065,1023,1004,925,891,870,848,791,781,757,732,733,640,656,636,605,554,561,532,406,529,414,493,513,168,0,0,0
10,161,2292,402414.16,3283720.30,29.679706,-82.008551,25,25,189,380,453,532,516,509,515,499,484,447,483,454,487,505,551,599,697,711,734,711,661,661,633,652,630,620,628,611,570,557,582,557,537,572,767,1124,1488,1810,2182,2542,2822,2854,2823,3044,3067,3066,3226,2934,2974,3157,3411,3454,3523,3560,3723,3882,3604,3215,4423,5261,3145,3493,3780,3670,3865,3882,3921,4004,4079,4123,4159,4182,4217,4216,4038,4087,3859,3784,3440,3214,3337,2753,2804,3107,3337,3241,3386,3377,3485,3648,3822,3940,4032,4088,3993,4084,4030,4032,4029,3945,3832,3602,3748,5250,8167,8999,8999,8999,8999,8999,8999,8999,4249,2178,1701,1708,1982,1435,1364,1423,1536,1638,1749,1846,1932,1970,2000,2047,2112,2216,2277,2289,2351,2361,2314,2318,2304,2324,2288,2231,2170,2134,2081,2086,2036,1998,1886,1914,2422,3111,6827,0,8999,0,8999,0,8999,8999,8999,0,0,8999,8999,8999,8999,0,1933,732,827,799,910,971,933,973,996,1070,1109,1145,1116,1080,1074,1086,1086,1069,1092,1083,1110,1153,1180,1161,1155,1201,1240,1278,1253,1197,1172,1100,1044,1003,989,954,895,890,853,819,761,748,784,667,674,662,563,556,595,579,650,447,744,634,0,0
11,158,2293,402404.26,3283717.00,29.679675,-82.008653,25,25,180,389,405,511,514,508,523,508,484,460,482,464,482,493,523,556,635,657,672,642,614,600,585,618,602,581,579,564,531,527,526,528,517,546,660,851,1056,1210,1424,1640,1839,1864,1836,1977,2016,2016,2147,1954,1991,2131,2318,2348,2417,2464,2591,2728,2538,2284,3142,3680,2197,2549,2816,2728,2913,2916,2961,3034,3101,3143,3181,3230,3277,3287,3162,3219,3076,3060,2354,2278,2426,2090,2408,2674,2880,2817,2961,2958,3079,3223,3370,3495,3609,3657,3590,3629,3675,3671,3684,3615,3517,3246,3459,4555,7843,0,8999,8999,8999,8999,8999,3640,4060,2085,1629,1638,1900,1455,1552,1670,1790,1876,1983,2056,2123,2174,2213,2226,2291,2397,2436,2441,2496,2510,2495,2464,2444,2487,2432,2379,2362,2291,2271,2271,2189,2155,2123,2170,2656,2647,8999,8999,0,8999,0,8999,0,8999,8999,0,8999,0,8999,0,0,0,924,453,633,606,720,752,741,778,887,1037,1050,958,993,1060,1104,1109,1110,1122,1096,1153,1152,1139,1114,1160,1150,1215,1255,1284,1265,1249,1161,1132,1022,1017,941,867,866,836,810,775,717,669,724,639,579,597,513,533,540,477,475,562,162,232,0,8200
12,159,2293,402407.56,3283717.00,29.679675,-82.008619,25,25,264,331,432,494,498,477,480,450,440,411,417,396,411,425,445,470,539,544,557,532,497,500,465,486,466,461,455,443,402,401,409,398,387,419,539,758,975,1144,1375,1605,1788,1790,1795,1918,1934,1940,2051,1840,1873,2025,2186,2212,2264,2293,2405,2500,2311,2035,2767,2878,1503,1926,2353,2343,2537,2587,2616,2680,2731,2755,2794,2828,2850,2830,2721,2765,2563,2416,1668,1681,1635,1334,1753,2125,2283,2290,2389,2398,2489,2628,2766,2864,2930,2920,2906,2931,2965,3042,3044,2965,2805,2497,2552,3194,3195,0,8999,8999,8999,0,8999,0,3323,2982,1269,1215,1485,998,1092,1238,1369,1487,1600,1730,1763,1806,1828,1861,1923,2022,2085,2057,2124,2120,2121,2110,2064,2057,2041,1968,1927,1894,1871,1825,1779,1699,1620,1607,1873,2700,6684,0,8999,8999,0,0,0,8999,0,0,0,8999,0,0,0,0,944,714,577,507,527,549,594,606,587,669,693,664,688,688,722,728,718,732,728,765,764,764,737,786,780,801,847,882,881,831,805,739,691,642,638,602,573,587,531,530,486,433,454,462,429,339,412,207,337,366,259,299,53,0,0,8953
13,160,2293,402410.86,3283717.00,29.679676,-82.008585,25,25,141,377,424,490,476,454,468,434,425,396,414,391,398,411,438,475,558,558,573,542,512,493,465,474,451,441,427,418,376,369,384,368,358,367,439,567,704,809,962,1103,1249,1224,1221,1309,1314,1306,1381,1235,1254,1339,1465,1475,1510,1534,1602,1668,1542,1374,1844,2419,1601,1679,1743,1661,1734,1736,1766,1819,1853,1866,1901,1904,1944,1942,1859,1879,1805,1770,1998,2073,1912,1621,1401,1504,1634,1566,1665,1638,1701,1790,1881,1944,1993,2052,1978,2000,1992,1907,1924,1907,1899,1659,2077,2825,6474,8999,8999,8999,8999,0,8999,7547,3365,2158,990,1232,1050,809,692,703,774,779,857,900,946,962,984,996,1040,1080,1093,1123,1148,1167,1146,1135,1116,1144,1123,1103,1068,1035,1034,1040,1000,980,925,1071,1260,2737,8999,0,8999,0,0,8999,8999,8999,8999,0,8999,0,0,8999,8999,0,956,982,587,488,468,528,644,594,495,515,556,588,584,559,543,564,547,550,563,562,586,598,615,603,612,643,643,670,663,638,621,559,536,520,515,473,444,425,416,420,340,353,349,338,276,287,280,259,219,172,187,373,0,1015,0,8531
14,161,2293,402414.16,3283717.00,29.679676,-82.008551,25,25,199,375,398,482,458,462,472,438,423,397,417,392,407,432,479,528,624,658,674,633,583,563,533,530,517,492,485,465,418,400,420,398,372,400,600,956,1324,1642,2007,2331,2597,2598,2574,2738,2747,2747,2868,2586,2620,2770,2992,3009,3061,3088,3230,3346,3092,2765,3724,4410,2619,2991,3244,3112,3256,3246,3299,3361,3412,3436,3467,3496,3519,3509,3354,3389,3193,3135,2628,2461,2605,2168,2322,2539,2727,2635,2764,2736,2831,2972,3104,3216,3284,3331,3259,3267,3270,3239,3219,3152,3061,2772,3023,3760,6520,8999,8999,0,8999,0,8999,0,3397,3046,998,845,1150,856,865,900,1010,1072,1160,1244,1312,1343,1397,1413,1470,1555,1580,1620,1681,1681,1677,1656,1644,1671,1628,1604,1549,1532,1484,1471,1446,1371,1319,1339,1617,2070,0,0,0,0,0,0,0,0,0,0,0,0,0,0,0,0,964,471,690,532,510,578,728,690,553,576,638,660,642,614,618,627,597,622,638,635,654,660,690,697,692,727,754,782,746,722,702,643,617,587,571,542,524,492,472,452,433,406,408,321,324,308,310,261,252,375,265,236,54,242,3275,0
15,162,2293,402417.46,3283717.00,29.679676,-82.008517,25,25,133,360,431,533,553,535,542,528,522,490,527,503,520,548,573,623,724,749,776,740,712,711,686,707,693,694,684,686,649,646,665,644,623,665,870,1241,1646,2010,2447,2848,3174,3201,3194,3413,3447,3454,3631,3313,3343,3549,3837,3871,3966,4008,4181,4369,4076,3608,4924,5805,3320,3826,4203,4093,4323,4313,4370,4456,4534,4571,4620,4633,4679,4657,4456,4501,4256,4158,3385,3255,3535,2898,3073,3430,3677,3597,3756,3723,3831,4027,4193,4314,4429,4464,4384,4478,4439,4414,4401,4367,4217,3922,4277,5782,8999,8999,8999,8999,8999,8999,8999,8999,5854,3860,2263,2136,2312,1896,1743,1760,1861,1925,2045,2132,2239,2274,2300,2330,2418,2544,2600,2621,2676,2703,2672,2655,2642,2691,2608,2602,2514,2503,2434,2420,2363,2351,2247,2353,3018,3740,8999,0,8999,8999,0,8999,8999,8999,0,8999,0,8999,0,0,8999,0,1902,465,813,881,991,970,837,956,1198,1357,1399,1337,1354,1360,1372,1364,1355,1343,1387,1367,1381,1404,1435,1455,1435,1488,1515,1577,1557,1510,1436,1365,1296,1244,1208,1166,1087,1100,1033,983,952,908,967,786,776,747,746,643,738,729,865,783,619,0,0,0
16,158,2294,402404.26,3283713.70,29.679645,-82.008653,25,25,181,391,407,513,516,511,526,510,486,462,485,466,485,496,526,559,638,660,676,646,617,603,588,622,605,585,583,568,534,530,529,531,520,550,664,856,1063,1217,1433,1650,1850,1875,1848,1989,2029,2028,2160,1965,2003,2144,2332,2363,2432,2479,2606,2744,2552,2297,3159,3699,2208,2563,2832,2743,2930,2933,2979,3053,3119,3162,3201,3249,3297,3307,3181,3238,3094,3077,2365,2289,2438,2101,2421,2689,2897,2834,2978,2975,3097,3242,3390,3517,3630,3679,3612,3651,3697,3693,3706,3636,3537,3264,3478,4579,7880,0,8999,8999,8999,8999,8999,3656,4079,2095,1637,1646,1909,1463,1560,1679,1800,1887,1995,2068,2136,2187,2227,2239,2304,2411,2451,2456,2511,2526,2510,2479,2459,2502,2447,2394,2376,2304,2284,2284,2202,2167,2136,2183,2671,2660,8999,8999,0,8999,0,8999,0,8999,8999,0,8999,0,8999,0,0,0,928,455,636,610,724,756,745,782,892,1043,1056,963,999,1066,1111,1115,1117,1129,1103,1160,1159,1146,1120,1167,1157,1223,1262,1291,1272,1256,1168,1139,1028,1023,947,872,871,841,814,780,721,673,728,643,583,601,516,535,543,480,478,565,163,233,0,8232
17,159,2294,402407.56,3283713.70,29.679645,-82.008619,25,25,266,334,436,499,503,481,485,455,445,415,421,400,415,430,450,475,544,550,563,538,502,506,470,491,472,467,460,448,407,405,414,403,391,423,545,767,987,1157,1391,1625,1809,1810,1817,1942,1958,1964,2076,1862,1895,2050,2213,2239,2292,2322,2435,2530,2338,2059,2798,2910,1520,1948,2381,2371,2567,2619,2648,2713,2764,2789,2829,2863,2885,2864,2754,2798,2594,2444,1687,1700,1654,1349,1773,2150,2310,2317,2418,2427,2519,2660,2800,2899,2966,2955,2942,2967,3002,3079,3081,3001,2838,2527,2582,3231,3230,0,8999,8999,8999,0,8999,0,3361,3016,1284,1229,1502,1010,1105,1253,1385,1505,1620,1751,1785,1828,1850,1884,1947,2047,2111,2082,2150,2146,2147,2136,2089,2082,2066,1992,1950,1917,1894,1847,1801,1719,1639,1626,1895,2731,6762,0,8999,8999,0,0,0,8999,0,0,0,8999,0,0,0,0,955,723,584,513,534,556,601,613,594,677,701,672,697,696,731,736,726,741,737,775,773,774,746,796,790,811,857,892,891,841,814,748,700,650,646,610,580,594,538,536,492,438,460,468,434,343,416,209,341,371,262,303,54,0,0,8953
18,160,2294,402410.86,3283713.70,29.679646,-82.008584,25,25,141,379,426,492,479,456,470,436,427,398,416,394,400,413,440,477,561,561,576,545,515,496,468,477,454,444,429,421,379,371,386,370,360,370,442,571,709,815,968,1110,1257,1232,1229,1318,1323,1315,1389,1243,1262,1347,1475,1484,1520,1544,1612,1679,1552,1382,1855,2435,1611,1689,1754,1672,1745,1747,1778,1830,1865,1878,1913,1916,1956,1955,1871,1891,1816,1781,2011,2088,1925,1632,1410,1514,1644,1576,1675,1648,1712,1801,1892,1956,2006,2065,1991,2012,2005,1919,1936,1919,1911,1670,2091,2845,6520,8999,8999,8999,8999,0,8999,7610,3392,2174,997,1241,1058,815,697,707,779,784,862,906,952,968,990,1002,1047,1087,1100,1130,1156,1174,1153,1142,1123,1151,1130,1110,1075,1042,1041,1047,1006,986,931,1078,1269,2757,8999,0,8999,0,0,8999,8999,8999,8999,0,8999,0,0,8999,8999,0,963,989,590,491,471,531,648,597,498,518,560,592,588,563,546,567,550,553,566,566,590,601,619,607,616,647,648,674,668,642,625,562,540,523,519,476,447,428,419,422,342,356,351,340,278,289,282,261,221,173,188,376,0,1023,0,8611
19,161,2294,402414.16,3283713.70,29.679646,-82.008550,25,25,199,375,398,482,458,462,472,438,423,397,417,392,407,432,479,528,624,658,674,633,583,564,533,531,517,492,485,465,418,400,420,398,372,400,600,956,1324,1642,2008,2331,2597,2598,2574,2738,2747,2747,2869,2587,2621,2770,2992,3009,3061,3088,3231,3347,3093,2766,3726,4414,2622,2993,3246,3113,3257,3246,3299,3362,3412,3436,3468,3497,3519,3510,3355,3389,3194,3136,2631,2465,2608,2171,2323,2540,2727,2636,2765,2737,2831,2973,3105,3216,3285,3331,3259,3267,3270,3240,3219,3153,3062,2773,3025,3764,6529,8999,8999,0,8999,0,8999,0,3404,3052,999,846,1151,857,865,900,1010,1072,1160,1244,1312,1343,1397,1413,1470,1555,1580,1620,1681,1681,1677,1656,1644,1671,1629,1604,1549,1532,1485,1472,1447,1372,1319,1340,1619,2073,0,0,0,0,0,0,0,0,0,0,0,0,0,0,0,0,966,472,691,533,510,578,728,690,554,576,638,660,642,614,618,627,597,622,638,635,654,660,690,697,692,727,754,783,746,722,702,643,617,587,571,542,524,492,472,452,433,406,408,321,324,308,310,261,252,375,265,237,54,243,3283,0
20,162,2294,402417.46,3283713.70,29.679646,-82.008516,25,25,161,384,413,495,496,454,470,450,438,398,429,405,412,429,464,502,586,600,608,578,539,531,496,516,496,479,472,462,426,416,448,414,391,423,624,999,1388,1726,2117,2464,2738,2733,2715,2886,2895,2875,2997,2694,2730,2889,3109,3125,3183,3195,3325,3435,3142,2780,3755,4054,2268,2680,3116,3031,3261,3283,3307,3368,3427,3445,3483,3491,3494,3473,3313,3336,3108,2961,2169,2154,2194,1762,2074,2399,2564,2514,2631,2620,2700,2838,2971,3061,3143,3133,3109,3139,3142,3181,3169,3114,2971,2614,2688,3573,6433,0,0,0,8999,0,0,0,2511,859,788,1160,1316,966,866,940,1041,1119,1212,1315,1360,1423,1451,1484,1550,1630,1686,1714,1739,1757,1762,1735,1713,1720,1694,1650,1611,1568,1514,1507,1457,1413,1350,1344,1695,2042,0,8999,0,0,8999,0,0,8999,0,0,0,0,0,8999,8999,0,0,976,780,621,601,647,798,750,641,642,708,729,705,677,660,667,686,662,691,681,694,727,705,724,727,758,782,809,784,767,738,688,658,615,616,560,579,540,493,526,504,463,445,430,320,343,333,306,248,211,186,371,280,1010,0,0
21,163,2294,402420.76,3283713.70,29.679647,-82.008482,25,25,204,408,415,514,507,482,504,464,463,440,456,424,439,450,485,518,597,613,619,596,567,559,533,537,541,522,516,504,476,460,473,459,436,453,564,774,975,1141,1369,1586,1778,1781,1771,1886,1908,1888,1988,1795,1817,1933,2110,2127,2178,2206,2319,2387,2208,1970,2652,3222,2021,2205,2373,2312,2429,2450,2487,2547,2585,2625,2642,2661,2707,2693,2581,2610,2468,2416,2391,2372,2274,1947,1831,2034,2175,2121,2224,2207,2296,2405,2533,2616,2666,2738,2643,2665,2645,2620,2626,2572,2557,2432,2659,3427,3265,8999,0,0,8999,0,8999,7597,2543,2609,1000,1245,1245,1066,981,968,1031,1080,1144,1202,1269,1282,1313,1336,1384,1462,1487,1490,1528,1529,1520,1507,1500,1539,1500,1482,1433,1399,1391,1363,1331,1325,1295,1328,1677,2073,6796,0,0,8999,8999,0,0,0,0,8999,0,0,0,0,0,0,964,733,896,718,724,803,897,861,737,757,819,855,813,785,788,781,780,764,802,793,814,834,831,833,834,891,903,920,895,855,841,780,766,716,707,649,664,608,568,600,529,524,499,458,420,409,453,410,441,337,189,237,54,0,0,0
22,164,2294,402424.06,3283713.70,29.679647,-82.008448,25,25,269,459,479,523,528,507,509,485,465,431,446,425,450,466,493,530,614,621,642,611,578,572,547,563,545,545,539,535,497,503,530,501,483,513,683,1015,1350,1632,1999,2327,2595,2608,2581,2759,2775,2763,2903,2624,2659,2819,3058,3078,3139,3161,3306,3448,3172,2825,3851,4455,2507,2955,3289,3219,3399,3412,3443,3521,3585,3627,3665,3680,3722,3699,3541,3581,3376,3259,2524,2596,2687,2172,2443,2717,2908,2833,2970,2944,3033,3194,3351,3453,3555,3551,3519,3571,3551,3585,3597,3501,3393,3239,3280,4320,6387,8999,8999,8999,8999,8999,8999,3703,4136,2549,1468,1543,1759,1245,1247,1269,1362,1447,1529,1606,1696,1742,1784,1816,1881,1979,2016,2038,2083,2106,2073,2077,2037,2084,2050,1998,1929,1893,1854,1854,1807,1766,1726,1732,2182,2702,0,0,0,0,8999,0,8999,0,0,0,0,0,0,0,0,0,0,717,1010,855,877,911,1039,1029,889,914,995,994,985,944,950,938,924,934,961,956,969,993,1011,1015,1002,1073,1074,1107,1088,1054,1017,939,899,885,850,827,776,779,727,718,635,688,617,582,549,517,609,305,310,410,411,232,166,0,0,0
23,162,2295,402417.46,3283710.40,29.679616,-82.008516,25,25,163,387,417,499,500,458,474,453,442,401,432,408,415,432,467,506,590,605,612,583,543,535,499,520,499,482,475,466,429,419,451,417,394,426,628,1006,1397,1738,2131,2477,2751,2748,2728,2900,2909,2888,3010,2707,2743,2902,3122,3139,3196,3208,3339,3449,3155,2792,3770,4067,2279,2691,3129,3044,3274,3296,3320,3382,3440,3458,3496,3504,3507,3486,3326,3349,3120,2972,2179,2163,2205,1772,2087,2412,2576,2525,2642,2632,2711,2850,2983,3073,3155,3145,3121,3151,3154,3193,3181,3126,2983,2624,2698,3585,6461,0,0,0,8999,0,0,0,2519,861,791,1166,1323,971,871,946,1047,1126,1219,1324,1369,1432,1461,1494,1560,1641,1697,1725,1750,1768,1773,1745,1723,1731,1705,1661,1621,1577,1524,1516,1466,1422,1358,1351,1703,2050,0,8999,0,0,8999,0,0,8999,0,0,0,0,0,8999,8999,0,0,981,784,625,605,651,803,755,645,646,712,734,709,681,664,671,690,666,696,685,698,731,709,729,731,763,787,814,789,772,743,692,662,619,619,564,583,543,496,529,507,465,448,432,322,345,335,307,250,212,187,373,281,1013,0,0
24,163,2295,402420.76,3283710.40,29.679617,-82.008482,25,25,200,401,407,504,497,472,493,454,453,430,445,414,428,439,474,505,583,598,603,581,553,545,519,523,527,508,502,491,463,447,460,446,424,441,549,753,948,1110,1330,1538,1723,1730,1716,1826,1848,1829,1926,1740,1760,1872,2042,2059,2107,2135,2245,2314,2140,1910,2573,3125,1964,2140,2301,2240,2352,2370,2406,2464,2501,2540,2556,2574,2618,2606,2497,2526,2391,2342,2321,2303,2207,1891,1779,1973,2108,2055,2154,2138,2223,2328,2451,2531,2579,2650,2557,2580,2559,2535,2541,2490,2477,2355,2576,3318,3167,8999,0,0,8999,0,8999,7342,2460,2527,970,1208,1208,1034,952,939,1000,1048,1110,1166,1230,1243,1273,1295,1342,1418,1442,1445,1482,1483,1474,1461,1454,1493,1455,1437,1390,1357,1349,1322,1291,1285,1256,1288,1626,2008,6568,0,0,8999,8999,0,0,0,0,8999,0,0,0,0,0,0,933,710,870,697,703,779,871,836,715,734,794,830,789,761,764,758,757,741,778,770,789,808,806,808,809,864,876,892,868,829,816,756,743,694,685,630,644,590,551,582,513,508,484,445,407,397,439,397,427,327,184,230,53,0,0,0
25,164,2295,402424.06,3283710.40,29.679617,-82.008448,25,25,268,457,477,519,525,503,505,482,461,428,443,422,446,462,489,525,608,616,637,605,572,567,542,558,540,540,534,530,492,498,525,496,478,508,676,1004,1335,1615,1978,2298,2562,2578,2548,2722,2738,2726,2864,2591,2625,2782,3017,3036,3096,3117,3260,3402,3130,2788,3799,4390,2474,2916,3244,3175,3352,3364,3395,3471,3534,3575,3612,3627,3669,3647,3491,3530,3329,3214,2488,2557,2649,2143,2413,2682,2869,2795,2929,2903,2991,3149,3304,3404,3505,3502,3470,3521,3501,3534,3545,3451,3345,3192,3231,4252,6289,8999,8999,8999,8999,8999,8999,3631,4059,2505,1446,1520,1733,1228,1231,1253,1345,1430,1511,1587,1675,1721,1763,1795,1858,1956,1992,2014,2058,2081,2048,2052,2013,2059,2025,1974,1906,1870,1832,1831,1785,1745,1704,1709,2151,2657,0,0,0,0,8999,0,8999,0,0,0,0,0,0,0,0,0,0,706,997,844,866,900,1027,1017,878,903,983,983,974,932,938,927,913,923,949,945,957,981,999,1003,990,1060,1061,1093,1075,1041,1005,928,888,875,840,817,766,769,718,710,627,680,609,574,542,510,601,301,305,404,405,229,163,0,0,0
26,161,2295,402414.16,3283710.40,29.679616,-82.008550,25,25,200,377,399,484,460,464,474,439,425,398,418,393,408,433,480,529,625,660,675,635,584,565,534,532,518,493,486,466,419,401,421,398,373,401,601,958,1326,1645,2010,2330,2595,2598,2571,2734,2743,2743,2865,2585,2618,2766,2987,3004,3056,3083,3225,3342,3089,2763,3720,4408,2623,2991,3242,3109,3251,3240,3293,3355,3405,3428,3460,3488,3511,3502,3347,3382,3189,3132,2631,2465,2608,2172,2325,2538,2724,2633,2761,2732,2826,2967,3098,3210,3277,3324,3252,3260,3263,3233,3212,3147,3057,2769,3021,3759,6530,8999,8999,0,8999,0,8999,0,3402,3051,999,847,1152,857,866,901,1011,1072,1161,1244,1312,1343,1397,1413,1470,1556,1580,1621,1681,1682,1678,1656,1644,1671,1629,1604,1550,1532,1485,1472,1447,1372,1319,1340,1619,2072,0,0,0,0,0,0,0,0,0,0,0,0,0,0,0,0,966,472,691,533,510,578,728,690,554,576,638,660,642,614,618,627,597,622,638,635,654,660,690,697,692,727,754,783,746,722,702,643,617,587,571,543,524,492,472,452,433,406,408,321,324,308,310,261,252,375,265,237,54,243,3280,0